4 483
273.86 -75.71 2.06655 -0.807071 -6.06083
170.31 134.25 2.22349 1.48966 -5.49261
271.05 -79.77 2.04595 -0.817291 -6.09404
271.05 -79.77 2.04595 -0.817291 -6.09404
240.86 -147.1 1.79261 -1.07447 -6.61068
240.86 -147.1 1.79205 -1.07488 -6.61063
259.98 19.08 2.23268 -0.100774 -5.63975
266.47 -67.86 2.06259 -0.711148 -6.06644
-224.95 -138.37 -1.66605 2.93981 -10.6978
-225.21 -151.74 -1.69424 2.82495 -10.8685
-223.72 -131.04 -1.63712 2.98581 -10.577
311.14 24.56 2.35564 -0.434183 -5.31075
304.12 33.66 2.36478 -0.328275 -5.30534
223.34 79.76 2.27495 0.599296 -5.5149
168.46 138.4 2.22338 1.53553 -5.46989
296.37 47.61 2.37309 -0.190855 -5.26969
228.29 98.99 2.32253 0.682212 -5.36199
267.69 -72.33 2.05369 -0.749988 -6.07947
263.86 -60.95 2.07593 -0.644561 -6.05458
269.66 -76.5 2.05224 -0.786477 -6.09246
239.49 54.71 2.26591 0.305842 -5.57435
246.66 58.86 2.28335 0.259261 -5.49378
296.37 47.61 2.37304 -0.191125 -5.26935
279.76 21.57 2.28434 -0.232985 -5.51001
218.28 115.88 2.33579 0.896489 -5.32195
273.86 -75.71 2.06723 -0.807023 -6.06091
237.99 -142.91 1.79005 -1.03392 -6.60624
237.99 -142.91 1.78879 -1.03289 -6.60178
244.73 86.4 2.32811 0.466571 -5.35089
-127.42 -166.49 -0.588142 1.54995 -9.78159
307.28 39.2 2.38009 -0.318228 -5.25625
-129.15 -161.3 -0.615758 1.58461 -9.70527
284.66 87.31 2.42633 0.141693 -5.10618
290.97 67.6 2.39981 -0.0294407 -5.18497
290.97 67.6 2.39981 -0.0294407 -5.18497
217.81 118.72 2.34331 0.923211 -5.30428
281.31 87.68 2.41875 0.165789 -5.11834
284.57 66.86 2.38379 0.0130542 -5.22406
284.57 66.86 2.38379 0.0130542 -5.22406
298.52 67.84 2.42155 -0.0787885 -5.14805
282.97 83.92 2.41568 0.133325 -5.13501
285.46 60.56 2.36775 -0.0361296 -5.25008
285.46 60.56 2.36863 -0.0351148 -5.24902
305.66 53.16 2.41049 -0.217571 -5.1933
301.75 44.75 2.39159 -0.244188 -5.27068
301.75 44.75 2.3804 -0.245584 -5.25617
-311.96 -154.12 -2.92442 3.41536 -11.3443
-192.9 -152.02 -1.24572 2.71559 -10.8742
279.76 21.57 2.2839 -0.233415 -5.50966
-228.55 -142.37 -1.71986 2.9157 -10.7493
245.15 90.55 2.33967 0.471295 -5.30489
182.95 137.72 2.28115 1.38532 -5.38508
-205.07 -139.33 -1.39171 2.85961 -10.7068
-129.64 -163.94 -0.628445 1.55297 -9.71301
272.47 98.08 2.42049 0.302751 -5.10752
258.41 63.95 2.30994 0.187241 -5.38275
279.9 84.26 2.41043 0.159528 -5.15085
279.9 84.26 2.41043 0.159528 -5.15085
284.66 87.31 2.42738 0.142361 -5.10725
285.27 70.47 2.39248 0.031499 -5.20094
293.37 62.4 2.39661 -0.0784646 -5.20246
293.37 62.4 2.39661 -0.0784646 -5.20246
308.93 60.9 2.42648 -0.198312 -5.12806
293.84 -9.56 2.25525 -0.522658 -5.59918
306.31 -40.43 2.22279 -0.789799 -5.68744
306.31 -40.43 2.22253 -0.78962 -5.68707
279.59 91.04 2.42609 0.204223 -5.11195
261.82 -42.93 2.10762 -0.51831 -5.97124
188.04 138.5 2.29826 1.33356 -5.34236
258.32 -70.2 2.01685 -0.686755 -6.11271
251.14 77.28 2.33075 0.341762 -5.35472
236.09 -135.82 1.80433 -0.97268 -6.59299
279.95 72.03 2.37915 0.0668909 -5.21851
286.9 75.65 2.40809 0.0534508 -5.16296
286.9 75.65 2.40809 0.0534508 -5.16296
292.72 45.8 2.3566 -0.178903 -5.29155
292.72 45.8 2.3566 -0.178903 -5.29155
233.47 84.17 2.29106 0.528174 -5.4125
284.23 113.32 2.4797 0.309138 -4.95551
-119.8 -211.93 -0.682759 0.872364 -9.73441
297.69 84.02 2.44543 0.0214129 -5.05417
288.62 102.64 2.46878 0.20989 -4.99779
285.05 96.3 2.45042 0.199474 -5.05843
281.93 117.76 2.48669 0.35858 -4.9463
278.86 125.12 2.51982 0.453392 -4.93466
278.86 125.12 2.51422 0.452787 -4.93332
268.74 96.53 2.39682 0.314321 -5.13058
220.28 145.82 2.38691 1.05637 -5.10609
274.55 86.03 2.39128 0.208355 -5.15697
224.35 131.48 2.38046 0.937845 -5.18124
224.35 131.48 2.38046 0.937845 -5.18124
206.04 152.66 2.3959 1.28435 -5.15734
20.88 223.28 3.03539 6.57407 -7.00005
-72.99 215.09 2.39057 9.38587 -8.52134
-90.82 209.98 1.86754 8.92499 -8.39311
-273.06 195.26 -1.50301 11.525 -9.9123
-219.43 178.52 -0.406962 10.9364 -10.0702
-223.44 166.43 -0.550842 10.5551 -10.1495
-243.02 165.75 -0.977528 10.4408 -10.0774
-218.6 147.19 -0.550526 9.83282 -10.1943
-192.83 136.33 0.00553981 9.88626 -10.5605
-3.03 101.68 -0.370248 0.0538843 -4.66158
-8.65 99.26 -0.421668 0.0209523 -4.65683
-208.78 70.63 -0.672973 7.68898 -10.6213
-210.76 66.62 -0.722888 7.61768 -10.6589
-191.54 65.62 -0.35201 7.61441 -10.7354
-36.63 36.41 -0.635579 -0.179647 -4.96888
-306.77 -8.17 -2.54972 5.09006 -9.94652
-298.97 -21.14 -2.46857 5.03536 -10.189
-296.54 -33.27 -2.4591 4.95275 -10.3796
-122.42 -70.66 -0.143709 3.08626 -9.76391
-122.42 -70.66 -0.143709 3.08626 -9.76391
121.85 -119.06 1.46496 -0.0155874 -7.44921
239.54 -128.41 1.83953 -0.939463 -6.53939
244.87 -149.72 1.79521 -1.11695 -6.59241
-261.42 -181.48 -2.25976 2.72099 -11.2822
-34.3 211.65 2.64108 7.92112 -7.88214
-253.96 200.86 -1.05409 11.9441 -10.0116
-249.11 199.82 -0.948151 11.9304 -10.0349
-10.61 198.89 2.76959 7.07068 -7.70818
24.89 196.82 2.96228 6.10784 -7.25114
-95.36 193.83 1.74831 8.75049 -8.65602
66.04 193.83 3.17068 5.17231 -6.81385
-260.85 174.99 -1.32557 10.5868 -9.91109
-265.75 173.34 -1.43312 10.4961 -9.89556
45.39 168.03 2.99274 5.29951 -7.33399
174.1 161.67 2.26891 1.61274 -5.25355
-207.72 158.72 -0.222569 10.4815 -10.3196
55.29 157.2 2.99874 4.93827 -7.31616
55.29 157.2 2.99874 4.93827 -7.31616
-74.19 155.2 -0.730598 0.472944 -4.49985
180.03 149.01 2.29464 1.5009 -5.32563
-209.98 144.84 -0.344267 10.0118 -10.3887
-198.62 134.52 -0.140165 9.77244 -10.5166
26.04 134.5 2.73706 5.2151 -7.88943
26.04 134.5 2.73706 5.2151 -7.88943
20.81 129.44 2.71791 5.32085 -8.04493
276.5 109.97 2.45272 0.34749 -5.01892
277.04 93.09 2.40898 0.230613 -5.10977
-110.54 90.97 -1.01983 0.206906 -4.78584
225.61 84.48 2.27269 0.592724 -5.45937
-195.05 68.45 -0.4051 7.74856 -10.7609
-171.4 55.3 0.00839952 7.43543 -10.8969
307.28 39.2 2.37614 -0.319886 -5.25392
-58.07 36.44 -0.763378 -0.139066 -4.97745
12 34.22 -0.0250198 0.264311 -5.44913
310.03 33.26 2.37055 -0.373788 -5.2708
-59.02 4.66 -0.801914 -0.289945 -5.10664
-308.51 -19.31 -2.60122 5.03503 -10.1225
-248.33 -29.36 -1.72487 4.96296 -10.4564
-248.33 -29.36 -1.72487 4.96296 -10.4564
-300.55 -32.87 -2.51852 4.95202 -10.3569
-160.63 -44.79 -0.647937 3.30326 -9.32644
-160.63 -44.79 -0.647937 3.30326 -9.32644
-159.98 -48.79 -0.644154 3.28532 -9.3891
-304.68 -50.69 -2.62295 4.849 -10.6364
256.99 -53.67 2.07303 -0.554853 -6.05747
68.77 -116.54 1.2164 0.463979 -7.93589
8.76 -135.88 0.80211 0.852674 -8.66028
39.76 -138.09 1.00219 0.548698 -8.36617
28.86 -146.35 0.913 0.572354 -8.52479
28.86 -146.35 0.913 0.572354 -8.52479
42.24 -146.43 0.998928 0.456231 -8.3946
126.63 -156.19 1.39093 -0.342466 -7.60967
36.1 -158.1 0.930575 0.404358 -8.522
-255.82 -159.96 -2.13267 2.84718 -10.9526
-259.43 -161.18 -2.18542 2.86314 -10.9901
-259.43 -161.18 -2.18542 2.86314 -10.9901
35.61 -171.66 0.896004 0.292035 -8.61683
35.61 -171.66 0.896004 0.292035 -8.61683
-261.87 -178.1 -2.25783 2.74024 -11.2213
38.63 -184.1 0.889375 0.164229 -8.68378
32.58 -187.75 0.843389 0.18299 -8.76471
33.6 -192.42 0.840507 0.135662 -8.78063
33.6 -192.42 0.835919 0.127382 -8.76145
27.63 -194.41 0.796488 0.168689 -8.85976
-100.09 229.63 1.73898 9.22576 -8.11176
-102.5 225.66 1.65975 9.11568 -8.14312
-88.93 221.81 1.93379 9.07932 -8.21522
-48.64 203.62 2.5038 8.23964 -8.20922
187.88 185.1 2.33846 1.61366 -4.99299
-278.21 178.71 -1.67098 10.6367 -9.83439
-242.42 169.89 -0.957289 10.4923 -10.0008
-236 168.3 -0.817094 10.5529 -10.0878
-229.62 167.1 -0.680037 10.5755 -10.1401
-3.06 154.77 2.63654 6.18242 -8.07844
30.79 147.7 2.81674 5.30434 -7.69482
206.71 146.64 2.35399 1.20447 -5.17298
-193.13 141.95 0.0261697 10.0548 -10.5167
-197.58 130.68 -0.11824 9.77412 -10.6212
230.05 94.32 2.31942 0.635683 -5.3767
-180.27 58.08 -0.155751 7.49294 -10.8516
-180.27 58.08 -0.155751 7.49294 -10.8516
291.66 58.2 2.38111 -0.0925037 -5.23467
93.76 8.55 0.651755 0.0835145 -5.66275
-255.66 -22.96 -1.82353 4.99923 -10.3261
-251.49 -25.67 -1.76435 5.00049 -10.4006
-244.68 -33.77 -1.67684 4.92837 -10.535
254.21 -35.08 2.10366 -0.414643 -5.97545
-165.83 -49.78 -0.7193 3.30701 -9.41629
254.11 -57.47 2.05416 -0.56201 -6.08837
264.36 -75.52 2.04364 -0.74463 -6.1219
279.03 -90.74 2.04174 -0.936612 -6.09655
67.73 -107.41 1.23643 0.553793 -7.89044
148.12 -113.71 1.57827 -0.188491 -7.18351
64.39 -116.04 1.18809 0.505676 -7.96658
74.36 -126.99 1.21898 0.324238 -7.93983
183.13 -133.31 1.65692 -0.596217 -6.99525
183.13 -133.31 1.66064 -0.592835 -7.00263
161.43 -134.43 1.58114 -0.440194 -7.18466
18.45 -136.9 0.866586 0.749879 -8.56518
18.45 -136.9 0.868159 0.753769 -8.56958
147.34 -137.76 1.518 -0.363417 -7.32202
13.58 -138.65 0.837694 0.794623 -8.64396
30.88 -152.1 0.917023 0.513334 -8.54934
30.88 -152.1 0.916617 0.511893 -8.54661
24.28 -161.65 0.845636 0.480931 -8.67656
20.66 -163.26 0.820121 0.500612 -8.72002
29.09 -163.34 0.875121 0.424356 -8.64015
28.55 -169.08 0.866425 0.388903 -8.69054
79.76 -177.86 1.1276 -0.138295 -8.19206
-283.15 -181.5 -2.55931 2.7997 -11.2872
-283.15 -181.5 -2.55931 2.7997 -11.2872
31.19 -183.57 0.844422 0.234008 -8.75743
-291.56 -192.46 -2.70198 2.74472 -11.4394
27.35 -225.68 0.720804 -0.101654 -9.06139
-20.81 203.8 2.7154 7.42087 -7.78978
181.3 172.37 2.3159 1.62171 -5.13061
-222.52 164.97 -0.526758 10.5952 -10.2161
-245.31 155.78 -1.06734 10.0909 -10.1068
-63.23 154.8 -0.653686 0.479012 -4.50725
-81.59 141.49 -0.780556 0.444301 -4.58358
-195.57 117.63 -0.13397 9.4346 -10.7378
-203.01 114.8 -0.289828 9.44502 -10.8015
246.28 110.15 2.38586 0.599095 -5.18277
-222.34 94.47 -0.751841 9.14919 -11.0725
287.95 90.28 2.43782 0.135491 -5.06981
282.97 83.92 2.41136 0.135011 -5.13818
291.78 81.86 2.42616 0.0520527 -5.09734
-44.41 41.94 -0.685241 -0.161449 -4.93225
-58.95 33.46 -0.779284 -0.16733 -4.9719
-42.75 19.6 -0.700577 -0.272504 -5.02243
236.67 0.75 2.13537 -0.0517765 -5.88906
236.67 0.75 2.133 -0.0546211 -5.88559
31.71 -7.4 0.136913 0.106644 -5.75897
-66.36 -17.66 -0.855697 -0.351218 -5.23105
-260.03 -36.74 -1.92042 4.93158 -10.5536
59.66 -46.9 0.285318 -0.186688 -5.93563
226.82 -61.99 1.89194 -0.458347 -6.21607
-296.2 -74 -2.46885 4.37952 -10.643
131.18 -138.84 1.46592 -0.224986 -7.49833
36.71 -145.32 0.966286 0.512077 -8.44002
73.34 -150.29 1.1603 0.143965 -8.09504
33.06 -166.47 0.889673 0.354176 -8.61038
-94.08 -167.92 -0.326619 1.08098 -9.2105
47.79 -187.21 0.932507 0.0442296 -8.59356
-292.03 -197.87 -2.72161 2.67752 -11.4653
42.72 -213.29 0.839914 -0.128699 -8.80158
-267.39 -217.94 -2.46267 2.89448 -12.5474
38.28 -219.97 0.802201 -0.144309 -8.90488
30.77 208.76 3.03546 6.13063 -7.03804
196.05 155.45 2.32862 1.34541 -5.16227
-240.62 149.01 -0.982315 10.0281 -10.2485
-199.46 139.67 -0.129807 9.94499 -10.4969
216.08 129.8 2.35525 1.00845 -5.23749
216.08 129.8 2.35864 1.01697 -5.23954
-203.94 105.46 -0.343959 9.2175 -10.8816
240.37 76.29 2.30616 0.427433 -5.42081
301.75 60.79 2.40814 -0.150941 -5.16798
-17.41 57.6 -0.512117 -0.144011 -4.84356
-69.49 11.53 -0.864377 -0.255086 -5.06824
65.86 8.02 0.4289 0.136957 -5.67467
-260.86 -30.69 -1.91908 4.96727 -10.4516
233.63 -105.14 1.8437 -0.776633 -6.41591
133.05 -144.54 1.44499 -0.304924 -7.4835
146.93 -146.65 1.49196 -0.426325 -7.36626
39.13 -152.41 0.954981 0.419521 -8.43276
79.62 -168.35 1.15307 -0.0560654 -8.14434
-268.09 -182.24 -2.35476 2.72324 -11.2634
181.81 160.73 2.30868 1.54608 -5.21894
-200.05 153.01 -0.0748515 10.3517 -10.4123
233.06 133.22 2.40714 0.884862 -5.11232
283.28 131.33 2.5154 0.430028 -4.85761
268 116.01 2.4731 0.48368 -5.04535
297.83 53.56 2.3879 -0.164444 -5.22865
91.02 51.56 0.721279 0.37322 -5.47436
-251.11 -37.02 -1.78427 4.91767 -10.5774
-235.89 -114.5 -1.76329 3.11372 -10.3284
128.17 -128.25 1.46889 -0.140183 -7.45465
111.68 -219.64 1.18009 -0.715883 -8.10349
289.38 70 2.38916 -0.0180785 -5.17343
92.55 60.92 0.754489 0.435791 -5.42579
-272.56 -160.39 -2.36389 2.9072 -10.9725
-282.51 -171.98 -2.52766 2.85921 -11.1413
-252.03 166.72 -1.16543 10.4398 -10.0368
-252.03 166.72 -1.16543 10.4398 -10.0368
-80.33 149.35 -0.762486 0.487396 -4.55189
205.26 127.39 2.3058 1.05105 -5.31052
239.49 54.71 2.2525 0.288205 -5.55533
-55.57 45.03 -0.746888 -0.123898 -4.92668
-55.91 13 -0.777206 -0.260221 -5.06764
75.49 -147.07 1.17655 0.141891 -8.05203
233.47 84.17 2.29849 0.524693 -5.40649
-50.72 27.25 -0.74029 -0.221595 -4.98847
-50.72 27.25 -0.740875 -0.222456 -4.98843
63.12 -13.24 0.396749 0.0218238 -5.794
168.07 -121.38 1.62738 -0.401218 -7.04466
134.26 -125.95 1.50708 -0.15927 -7.38294
236.09 -142.65 1.79696 -1.00559 -6.64097
260.97 141.63 2.48997 0.677636 -4.91666
-209.71 63.92 -0.717716 7.54268 -10.6756
-266.16 18.79 -1.89566 5.25072 -9.63836
-262.63 18.69 -1.84469 5.25471 -9.65434
-167.47 4.41 -0.367509 5.17785 -10.1545
-263.82 3.05 -1.89571 5.15019 -9.88529
-310.7 1.76 -2.58392 5.16503 -9.79909
-243.07 1.74 -1.581 5.1526 -9.96962
-296.83 -7.21 -2.40354 5.09913 -9.96163
-313.49 -17.68 -2.6665 5.03658 -10.0734
-314.57 -21.04 -2.69443 5.03751 -10.1452
-304.96 -26.76 -2.56518 4.97737 -10.2353
-304.96 -26.76 -2.56518 4.97737 -10.2353
-300.46 -29.09 -2.50741 4.97401 -10.298
-295.39 -29.86 -2.43554 4.95675 -10.3149
-311.14 -30.74 -2.66512 4.96344 -10.2887
-311.39 -33.54 -2.67871 4.96754 -10.3545
-306.99 -37.43 -2.62238 4.91809 -10.4039
-307.98 -41.42 -2.65095 4.92364 -10.4968
-263.9 -42.81 -1.99078 4.87464 -10.6213
-263.9 -42.81 -1.99078 4.87464 -10.6213
-264.19 -46 -2.00344 4.86397 -10.6841
-259.78 -46.21 -1.93502 4.86379 -10.7028
-260.35 -50.45 -1.95485 4.82296 -10.7582
-309.43 -50.76 -2.6941 4.85498 -10.6293
-296.92 -51.13 -2.50623 4.82064 -10.6414
-284.96 -51.24 -2.33024 4.8374 -10.7042
-279.99 -52.65 -2.26134 4.83844 -10.758
-309.87 -53.64 -2.70847 4.84315 -10.6806
-270.37 -54.08 -2.11681 4.80107 -10.7842
-257 -56.38 -1.91801 4.8078 -10.8965
-281.29 -56.93 -2.29289 4.82588 -10.841
-300.93 -58.33 -2.58825 4.80045 -10.7743
-300.93 -58.33 -2.58825 4.80045 -10.7743
-118.73 -71 -0.0955574 3.07029 -9.7683
266.78 -95.9 1.99525 -0.896936 -6.19785
57.41 -97.59 1.19645 0.725236 -7.91468
118.67 -115.54 1.45175 0.0321104 -7.44892
73.16 -119.95 1.22734 0.390068 -7.9006
191.15 -120.26 1.71503 -0.55928 -6.86297
120.13 -124.59 1.43716 -0.0502374 -7.48821
165.11 -136.12 1.58918 -0.483621 -7.16227
43.31 -138.87 1.01755 0.502736 -8.32241
241.07 -143 1.80516 -1.04873 -6.59349
241.07 -143 1.80516 -1.04873 -6.59349
74.58 -157.42 1.14507 0.0673938 -8.11709
49.54 -161.72 1.00818 0.261608 -8.42597
75.3 -163.12 1.13228 0.0112538 -8.13809
-45.55 224.4 2.63545 8.55573 -7.91928
-109.98 116.18 -0.988895 0.344041 -4.69254
-83.99 72.68 -0.900927 0.0206961 -4.8049
-79.19 72.46 -0.874187 0.00848731 -4.80071
242.59 68.96 2.30994 0.371364 -5.4699
-29.21 51.29 -0.578517 -0.126452 -4.90107
-181.95 40.29 -0.282569 7.02013 -10.9103
-246.92 13.08 -1.62019 5.2232 -9.78439
-220.95 12.41 -1.21853 5.24005 -9.88144
-231.94 12 -1.3885 5.26665 -9.88253
-312.52 -41.47 -2.71823 4.9444 -10.5019
261.82 -42.93 2.10852 -0.519044 -5.96848
-156.15 -47.43 -0.588214 3.29398 -9.38798
-156.15 -47.43 -0.588214 3.29398 -9.38798
-155.31 -51.86 -0.581603 3.26691 -9.45095
51.21 -90.6 1.16987 0.83342 -7.91212
32.1 -107.89 1.02787 0.886543 -8.24699
-235.33 -110.26 -1.75076 3.17735 -10.3189
71.58 -114.57 1.23652 0.456044 -7.89545
26.15 -125.4 0.942959 0.779066 -8.40819
159.25 -127.69 1.58096 -0.385379 -7.15044
157.4 -134.45 1.56485 -0.413595 -7.21925
31.76 -143.15 0.938492 0.574646 -8.47448
31.76 -143.15 0.938492 0.574646 -8.47448
44.86 -143.47 1.02178 0.456336 -8.34835
21.35 -144.62 0.866355 0.655544 -8.58848
31.99 -148.19 0.927 0.523942 -8.49584
31.99 -148.19 0.928436 0.527796 -8.5035
127.64 -152 1.40401 -0.321309 -7.57618
24.18 -156.47 0.860786 0.529877 -8.64635
51.9 -157.44 1.02801 0.272479 -8.36247
15.29 -172.4 0.758955 0.463978 -8.83705
36.46 -174.03 0.89539 0.264058 -8.62648
29.37 -178.29 0.847489 0.297998 -8.74574
185 177.15 2.3453 1.63046 -5.08569
185 177.15 2.3453 1.63046 -5.08569
-105.29 117.37 -0.963759 0.327376 -4.67452
-239.41 76.06 -1.24742 7.69322 -10.4315
301.5 75.12 2.42838 -0.0654526 -5.08253
-12.08 55.71 -0.475488 -0.144499 -4.86535
-22.2 51.78 -0.536349 -0.137709 -4.89363
-29.42 34.56 -0.588854 -0.186951 -4.98631
-73.75 18.64 -0.886755 -0.226998 -5.03506
-244.26 16.21 -1.57107 5.25445 -9.75145
-233.9 15.34 -1.41629 5.24793 -9.79287
-263.53 14.52 -1.86613 5.23232 -9.71809
-251.6 13.6 -1.68789 5.22925 -9.76447
-270.51 13.09 -1.97264 5.21966 -9.71836
-216.83 8.4 -1.15998 5.21406 -9.95624
-277.06 7.63 -2.08269 5.18266 -9.78338
-70.76 5.69 -0.879501 -0.28654 -5.08951
-259.71 1.62 -1.83087 5.15346 -9.92287
-277.65 -0.03 -2.106 5.14417 -9.90447
-248 -1.66 -1.66771 5.10626 -9.98993
31.37 -104.09 1.03104 0.924418 -8.22333
157.13 -120.67 1.59689 -0.310389 -7.14546
-226.46 -126.29 -1.65727 3.0401 -10.5421
20.66 -163.26 0.813592 0.490996 -8.70776
19.71 -166.25 0.807681 0.482857 -8.75482
23.97 -182.52 0.798822 0.303838 -8.82143
26 -191.35 0.795332 0.21486 -8.87095
246.28 110.15 2.35471 0.575292 -5.16651
281.28 103.27 2.45329 0.269605 -5.03228
-211.05 16.89 -1.06007 5.25622 -9.83116
-274.89 15.23 -2.03608 5.24601 -9.68938
-280.17 12.4 -2.11926 5.21991 -9.71026
-266.55 8.72 -1.92374 5.19471 -9.7977
-269.43 -3.59 -1.99132 5.124 -9.98382
-281.37 -45.26 -2.26259 4.89468 -10.6389
-281.37 -45.26 -2.26259 4.89468 -10.6389
-271.16 -44.77 -2.1081 4.88963 -10.6593
-271.16 -44.77 -2.10936 4.87738 -10.6484
263.67 -84.96 2.00829 -0.8102 -6.16376
60.08 -103.14 1.19179 0.645859 -7.91491
76.29 -135.72 1.20573 0.234455 -7.97545
142.89 -141.13 1.48128 -0.36582 -7.35812
-223.35 71.92 -0.962871 7.6198 -10.5132
-176.96 54.31 -0.104272 7.42585 -10.9034
-38.28 53.06 -0.638705 -0.120047 -4.88307
-271.08 20.11 -1.96607 5.26162 -9.60824
-271.08 20.11 -1.96607 5.26162 -9.60824
-240.54 16.62 -1.51656 5.28533 -9.78476
-208.07 5.91 -1.0188 5.22399 -10.0407
-66.08 0.03 -0.855085 -0.313406 -5.11722
-244.66 -24.15 -1.65442 5.0156 -10.4032
125.26 -137.23 1.43213 -0.186229 -7.51791
-256.65 18.34 -1.75044 5.26635 -9.68138
-194.18 14.06 -0.793135 5.25614 -9.93889
-246.03 8.77 -1.61354 5.19559 -9.85157
-246.03 8.77 -1.6151 5.18729 -9.84542
98.91 -163.48 1.2281 -0.210394 -7.85748
90.53 -166.19 1.21782 -0.122665 -8.04095
247.98 63.77 2.39521 0.362287 -5.53188
-264.76 -14.92 -1.94464 5.05918 -10.1795
174.07 192.92 2.32323 1.82699 -5.0105
194.09 186.54 2.38228 1.59214 -4.96025
-264.67 7.69 -1.89786 5.1894 -9.8201
263.04 55.44 2.30696 0.100658 -5.41061
-273.59 -1.67 -2.04931 5.12945 -9.93703
-301.28 -3.82 -2.45877 5.14551 -9.91861
-271.34 -7.15 -2.02978 5.13214 -10.0651
-312 -7.75 -2.62321 5.1195 -9.94783
-310.38 -44.38 -2.69484 4.93682 -10.5671
-310.38 -44.38 -2.69484 4.93682 -10.5671
271.68 -85 2.03386 -0.857185 -6.11471
-268.48 119 -1.63999 9.17891 -10.3896
-268.32 25.29 -1.9103 5.34261 -9.57657
-246.92 13.08 -1.61994 5.2259 -9.78688
243.35 -18.19 2.10985 -0.229695 -5.95092
-160.63 -44.79 -0.6455 3.31069 -9.33522
34.92 -119.94 1.01109 0.744137 -8.28217
146.65 -130.63 1.53184 -0.305184 -7.29062
295.33 203.1 3.97974 1.87581 -4.93209
290.23 188.45 3.92433 1.80667 -5.07407
303.7 177.33 3.94732 1.59084 -5.09095
-19.73 37.97 -0.516503 -0.171064 -4.97985
-200.54 12.53 -0.892175 5.26918 -9.96361
-59.87 0.34 -0.810694 -0.309484 -5.12372
-203.01 114.8 -0.283814 9.45485 -10.8029
-178.05 -49.37 -0.887889 3.32804 -9.39554
137 -137.26 1.48563 -0.273797 -7.42565
11.64 -152.73 0.792446 0.687165 -8.76608
178.99 141.31 2.2615 1.43957 -5.37682
-266.7 -35.21 -2.02151 4.92829 -10.499
195.22 210.39 2.4024 1.716 -4.76563
215.61 172.21 2.43264 1.29809 -4.95028
