1 664
265.04 -3.48 2.06655 -0.807071 -6.06083
151.89 177.24 2.22349 1.48966 -5.49261
253.24 -81.37 1.79261 -1.07447 -6.61068
253.24 -81.37 1.79205 -1.07488 -6.61063
236.33 87.27 2.23268 -0.100774 -5.63975
258.39 2.9 2.06259 -0.711148 -6.06644
-67.33 -149.53 -1.66605 2.93981 -10.6978
-64.14 -161.25 -1.69424 2.82495 -10.8685
-68.55 -142.55 -1.63712 2.98581 -10.577
270.35 105.28 2.35564 -0.434183 -5.31075
270.35 105.28 2.35619 -0.433357 -5.31049
187.65 171.5 2.33579 0.896489 -5.32195
265.04 -3.48 2.06723 -0.807023 -6.06091
250.26 -76.93 1.78879 -1.03289 -6.60178
302.63 -4.73 2.15281 -1.18341 -5.79577
-59.51 -163.32 -1.65033 2.79614 -10.9323
237.86 157.05 2.41568 0.133325 -5.13501
237.86 157.05 2.4159 0.133296 -5.1347
244.41 135.38 2.36863 -0.0351148 -5.24902
259.4 123.09 2.39159 -0.244188 -5.27068
158.93 183.68 2.28115 1.38532 -5.38508
-50.74 -147.42 -1.39171 2.85961 -10.7068
281.12 38.72 2.22279 -0.789799 -5.68744
281.12 38.72 2.22253 -0.78962 -5.68707
247.47 -71.51 1.80433 -0.97268 -6.59299
238.94 143.91 2.37915 0.0668909 -5.21851
242.37 149.57 2.40809 0.0534508 -5.16296
242.37 149.57 2.40809 0.0534508 -5.16296
252.65 122.58 2.3566 -0.178903 -5.29155
252.65 122.58 2.3566 -0.178903 -5.29155
236.88 168.99 2.45042 0.199474 -5.05843
230.02 190.27 2.48669 0.35858 -4.9463
226.53 197.06 2.51422 0.452787 -4.93332
182.61 199.2 2.38691 1.05637 -5.10609
230.86 158.59 2.39128 0.208355 -5.15697
188.16 188.34 2.38046 0.937845 -5.18124
188.16 188.34 2.38046 0.937845 -5.18124
-143.54 -189.61 -3.26925 3.24627 -11.3115
-132.46 -186.46 -3.07245 3.24224 -11.3408
-88.44 -177.38 -2.20626 2.85672 -11.0672
302.63 -4.73 2.15416 -1.18234 -5.79725
238.94 143.91 2.38083 0.0646976 -5.2205
278.27 84.5 2.31846 -0.597161 -5.39863
74.02 233.05 3.03539 6.57407 -7.00005
14.62 201.61 2.39057 9.38587 -8.52134
-3.31 190.41 1.86754 8.92499 -8.39311
-137.73 128.27 -1.50301 11.525 -9.9123
-91.99 129.16 -0.406962 10.9364 -10.0702
-93.87 117.07 -0.550842 10.5551 -10.1495
-62.03 98.96 0.00553981 9.88626 -10.5605
-91.27 74.25 -0.370248 0.0538843 -4.66158
-96.89 69.64 -0.421668 0.0209523 -4.65683
-104.45 13.57 -0.635579 -0.179647 -4.96888
-149.08 -54.54 -2.54972 5.09006 -9.94652
-139.64 -63.38 -2.46857 5.03536 -10.189
-134.43 -72.99 -2.4591 4.95275 -10.3796
1.19 -73.25 -0.143709 3.08626 -9.76391
1.19 -73.25 -0.143709 3.08626 -9.76391
170.19 -74.38 1.46496 -0.0155874 -7.44921
249.56 -62.85 1.83953 -0.939463 -6.53939
39.96 207.57 2.64108 7.92112 -7.88214
-122.09 138.71 -1.05409 11.9441 -10.0116
-117.93 139.29 -0.948151 11.9304 -10.0349
58.78 202.06 2.76959 7.07068 -7.70818
82.74 209.11 2.96228 6.10784 -7.25114
-3.01 174.34 1.74831 8.75049 -8.65602
111.59 217.36 3.17068 5.17231 -6.81385
103.66 187.37 2.99274 5.29951 -7.33399
-78.47 115.39 -0.222569 10.4815 -10.3196
-149.69 100.78 -0.730598 0.472944 -4.49985
-66.84 95.94 -0.140165 9.77244 -10.5166
227.87 180.62 2.45272 0.34749 -5.01892
231.3 164.46 2.40898 0.230613 -5.10977
-166.01 41.11 -1.01983 0.206906 -4.78584
264.44 118.75 2.37614 -0.319886 -5.25392
-25.8 30.35 -0.0250198 0.264311 -5.44913
267.63 113.7 2.37055 -0.373788 -5.2708
-116.17 -15.69 -0.801914 -0.289945 -5.10664
-147.43 -63.81 -2.60122 5.03503 -10.1225
-96.4 -60.27 -1.72487 4.96296 -10.4564
-96.4 -60.27 -1.72487 4.96296 -10.4564
-137.86 -73.25 -2.51852 4.95202 -10.3569
-39.94 -58.02 -0.647937 3.30326 -9.32644
-39.94 -58.02 -0.647937 3.30326 -9.32644
-38.38 -61.12 -0.644154 3.28532 -9.3891
-136.34 -88.82 -2.62295 4.849 -10.6364
249.11 14.56 2.07303 -0.554853 -6.05747
134.92 -81.67 1.2164 0.463979 -7.93589
98.28 -109.42 0.80211 0.852674 -8.66028
119.52 -106.29 1.00219 0.548698 -8.36617
122.77 -113.39 0.998928 0.456231 -8.3946
179.47 -108.79 1.39093 -0.342466 -7.60967
120.83 -125.23 0.930575 0.404358 -8.522
-86.72 -172.47 -2.13267 2.84718 -10.9526
-89.02 -174.17 -2.18542 2.86314 -10.9901
-89.02 -174.17 -2.18542 2.86314 -10.9901
122.94 -137.99 0.896004 0.292035 -8.61683
122.94 -137.99 0.896004 0.292035 -8.61683
-86.96 -188.69 -2.25783 2.74024 -11.2213
127.45 -149.65 0.889375 0.164229 -8.68378
124.23 -153.94 0.843389 0.18299 -8.76471
125.76 -157.3 0.840507 0.135662 -8.78063
125.76 -157.3 0.835919 0.127382 -8.76145
122.14 -160.68 0.796488 0.168689 -8.85976
-16.29 204.99 1.73898 9.22576 -8.11176
-18.1 200.66 1.65975 9.11568 -8.14312
-4.56 201.53 1.93379 9.07932 -8.21522
32.39 196.36 2.5038 8.23964 -8.20922
149.96 229.45 2.33846 1.61366 -4.99299
-63.03 104.17 0.0261697 10.0548 -10.5167
200.33 154.53 2.31942 0.635683 -5.3767
249.45 133.68 2.38111 -0.0925037 -5.23467
59.77 29.6 0.651755 0.0835145 -5.66275
-104.34 -56.57 -1.82353 4.99923 -10.3261
-99.71 -57.93 -1.76435 5.00049 -10.4006
-92.01 -63.41 -1.67684 4.92837 -10.535
-42.29 -63.35 -0.7193 3.30701 -9.41629
247.84 10.96 2.05416 -0.56201 -6.08837
258.3 -5.44 2.04364 -0.74463 -6.1219
271.14 -17.51 2.04174 -0.936612 -6.09655
132.29 -72.91 1.23643 0.553793 -7.89044
131.39 -81.5 1.18809 0.505676 -7.96658
213 -77.91 1.65692 -0.596217 -6.99525
213 -77.91 1.66064 -0.592835 -7.00263
198.52 -81.65 1.58114 -0.440194 -7.18466
105.1 -108.72 0.866586 0.749879 -8.56518
105.1 -108.72 0.868159 0.753769 -8.56958
189.81 -87.86 1.518 -0.363417 -7.32202
102.06 -110.79 0.837694 0.794623 -8.64396
116.2 -120.21 0.917023 0.513334 -8.54934
116.2 -120.21 0.916617 0.511893 -8.54661
113.54 -130.88 0.845636 0.480931 -8.67656
111.74 -132.39 0.820121 0.500612 -8.72002
117.16 -131.75 0.875121 0.424356 -8.64015
118.07 -136.23 0.866425 0.388903 -8.69054
153.13 -136.82 1.1276 -0.138295 -8.19206
-102.53 -194.31 -2.55931 2.7997 -11.2872
-102.53 -194.31 -2.55931 2.7997 -11.2872
122.39 -150.07 0.844422 0.234008 -8.75743
-106.45 -204.32 -2.70198 2.74472 -11.4394
127.58 -189.95 0.720804 -0.101654 -9.06139
50.81 203.94 2.7154 7.42087 -7.78978
149.14 216.68 2.3159 1.62171 -5.13061
-140.5 104.65 -0.653686 0.479012 -4.50725
-150.91 87.79 -0.780556 0.444301 -4.58358
239.71 165.04 2.43782 0.135491 -5.06981
237.86 157.05 2.41136 0.135011 -5.13818
244.13 157.27 2.42616 0.0520527 -5.09734
-112.72 16.21 -0.685241 -0.161449 -4.93225
-122.72 7.8 -0.779284 -0.16733 -4.9719
-107.95 -2.48 -0.700577 -0.272504 -5.02243
224.45 64.15 2.13537 -0.0517765 -5.88906
224.45 64.15 2.133 -0.0546211 -5.88559
6.41 0.68 0.136913 0.106644 -5.75897
-115.49 -34.71 -0.855697 -0.351218 -5.23105
-103.8 -68.77 -1.92042 4.93158 -10.5536
37.41 -27.85 0.285318 -0.186688 -5.93563
225.54 0.1 1.89194 -0.458347 -6.21607
-123.6 -105.71 -2.46885 4.37952 -10.643
118.86 -113.34 0.966286 0.512077 -8.44002
143.78 -112.02 1.1603 0.143965 -8.09504
120.05 -134.43 0.889673 0.354176 -8.61038
19.46 -154.73 -0.326619 1.08098 -9.2105
134.41 -151.99 0.932507 0.0442296 -8.59356
-106.28 -209.06 -2.72161 2.67752 -11.4653
135.21 -176.24 0.839914 -0.128699 -8.80158
-74.01 -223.69 -2.46267 2.89448 -12.5474
133.85 -183.38 0.802201 -0.144309 -8.90488
83.71 222.79 3.03546 6.13063 -7.03804
163.47 204.09 2.32862 1.34541 -5.16227
182.52 185.11 2.35525 1.00845 -5.23749
182.52 185.11 2.35864 1.01697 -5.23954
210.79 140.03 2.30616 0.427433 -5.42081
256.19 138.2 2.40814 -0.150941 -5.16798
-95.92 35 -0.512117 -0.144011 -4.84356
-126.35 -12.8 -0.864377 -0.255086 -5.06824
-106.12 -64 -1.91908 4.96727 -10.4516
239.51 -41.34 1.8437 -0.776633 -6.41591
181.74 -97 1.44499 -0.304924 -7.4835
190.88 -95.96 1.49196 -0.426325 -7.36626
121.12 -118.51 0.954981 0.419521 -8.43276
151.34 -127.91 1.15307 -0.0560654 -8.14434
-91.15 -193.12 -2.35476 2.72324 -11.2634
152.72 205.64 2.30868 1.54608 -5.21894
-70.28 111.77 -0.0748515 10.3517 -10.4123
228.69 203.39 2.5154 0.430028 -4.85761
221.19 185.14 2.4731 0.48368 -5.04535
51.58 66.53 0.721279 0.37322 -5.47436
-96.52 -67.41 -1.78427 4.91767 -10.5774
-81.9 -131.3 -1.76329 3.11372 -10.3284
175.93 -83.11 1.46889 -0.140183 -7.45465
246.13 143.27 2.38916 -0.0180785 -5.17343
51.42 76.57 0.754489 0.435791 -5.42579
-99.66 -175.66 -2.36389 2.9072 -10.9725
-104.49 -186.67 -2.52766 2.85921 -11.1413
-150.93 94.56 -0.762486 0.487396 -4.55189
214.31 117.92 2.2525 0.288205 -5.55533
-116.11 -8.84 -0.777206 -0.260221 -5.06764
204.91 145.8 2.29849 0.524693 -5.40649
-115.78 3.37 -0.740875 -0.222456 -4.98843
38.75 2.57 0.396749 0.0218238 -5.794
200.04 -67.74 1.62738 -0.401218 -7.04466
179.68 -77.54 1.50708 -0.15927 -7.38294
248.65 -77.54 1.79696 -1.00559 -6.64097
151.48 225.73 2.35153 1.61289 -5.03972
151.48 225.73 2.35153 1.61289 -5.03972
152.03 214.77 2.32275 1.5648 -5.13081
152.03 214.77 2.32275 1.5648 -5.13081
178.71 188.78 2.35479 1.09095 -5.23148
221.15 189.24 2.46612 0.477459 -5.00099
221.23 182.41 2.44951 0.45033 -5.04951
187.7 177.34 2.35411 0.92283 -5.27966
94.46 174.28 2.85672 5.50226 -7.62807
152.97 171.72 2.19817 1.40472 -5.50408
227.07 171.16 2.42827 0.321613 -5.09305
240.83 160.43 2.43153 0.112129 -5.09921
252.34 151.83 2.43203 -0.061201 -5.09601
252.34 151.83 2.43203 -0.061201 -5.09601
246.6 146.54 2.40559 -0.0130554 -5.16112
242.2 144.56 2.39045 0.0288142 -5.1957
38.99 141.62 2.21059 7.58514 -9.09064
31.5 139.52 2.12188 7.98299 -9.31232
31.5 139.52 2.12188 7.98299 -9.31232
247.04 139.47 2.39209 -0.0424076 -5.20909
28.85 137.53 2.06806 8.05016 -9.37471
270.71 108.41 2.36409 -0.42572 -5.287
270.03 101.35 2.34793 -0.440366 -5.34049
-209.01 101.2 -3.22938 10.4624 -9.33385
272.35 97.18 2.34466 -0.480246 -5.35547
-241.27 87.07 -3.74526 9.24502 -8.73745
-172.84 84.87 -0.960713 0.527314 -4.58487
135.44 82.83 1.27729 -0.256163 -5.15579
-241.73 79.99 -3.82365 9.18846 -8.86839
-259.26 78.85 -4.07138 8.85177 -8.55425
-217.5 75.34 -3.55704 9.80211 -9.5326
-110.8 72.73 -0.510605 0.042558 -4.60652
174.66 70.99 1.95234 0.598153 -6.16243
-96.99 65.68 -0.434775 0.0199524 -4.69584
-223.12 64.72 -3.70404 9.44028 -9.52897
-87.81 36.06 -0.454734 -0.128191 -4.87489
206.69 32.55 1.98444 0.0340199 -6.25751
-88.55 31.68 -0.471826 -0.139787 -4.90175
-247.45 26.52 -4.05966 7.57888 -9.08976
-81.49 23.89 -0.449752 -0.140329 -4.99325
-50.84 22.48 -0.245937 0.198174 -5.37741
-94.81 16.35 -0.560961 -0.178207 -4.98435
-98.34 14.47 -0.591475 -0.18068 -4.98635
-11.39 13.59 0.0372334 0.208929 -5.63585
-115.47 13.01 -0.715956 -0.156317 -4.95675
-147.22 10.41 -0.949417 -0.0929474 -4.91395
-97.5 10.47 -0.597954 -0.191513 -5.01623
-86.38 -0.59 -0.550351 -0.275819 -5.0886
-123.09 -2.94 -0.815225 -0.218874 -5.02195
235.01 -3.27 1.97893 -0.475733 -6.29047
1.02 -4.31 0.0811668 0.0925395 -5.77854
1.02 -4.31 0.0799297 0.0938215 -5.77914
-147.41 -10.22 -1.00857 -0.193712 -5.01866
-110.14 -10.54 -0.74658 -0.271763 -5.09466
150.05 -14.39 1.3419 -0.0649234 -6.4457
-226.62 -18.68 -3.81479 6.37764 -9.4712
-122.75 -35.35 -0.910491 -0.317756 -5.23709
-260.36 -61.45 -5.66971 8.13237 -11.4732
249.56 -62.85 1.83601 -0.944117 -6.53045
192.22 -65.21 1.6083 -0.267788 -7.12599
167.61 -71.08 1.46743 0.0477573 -7.46329
241.84 -77.23 1.76475 -0.935573 -6.68989
170.45 -82.29 1.44118 -0.0609507 -7.51454
-314.34 -101.26 -5.66813 5.21734 -9.6082
120.83 -125.23 0.931194 0.395548 -8.50878
107.22 -126.84 0.809129 0.615286 -8.73535
118.43 -126.76 0.910012 0.445838 -8.5874
154.09 -131.03 1.15165 -0.131006 -8.10526
154.09 -131.03 1.15165 -0.131006 -8.10526
112.92 -145.46 0.779876 0.402422 -8.83885
117.65 -149.76 0.79914 0.28911 -8.79279
127.45 -149.65 0.889677 0.168696 -8.69209
120.25 -158.22 0.793133 0.219094 -8.87525
-132.08 -172.21 -3.00706 3.51326 -11.3088
-156.95 -178.46 -3.45261 3.52082 -11.2236
-86.96 -188.69 -2.26007 2.74717 -11.2305
127.58 -189.95 0.721542 -0.0969281 -9.07257
132.41 -201.36 0.710238 -0.261822 -9.06927
-130.06 -206.77 -3.11427 2.86971 -11.4157
-251.84 -219.5 -6.18836 4.79504 -12.8499
64.59 -226.49 -0.130038 0.0211811 -9.49309
155.05 225.06 2.35037 1.52504 -5.01367
161.95 212 2.36168 1.42967 -5.12316
167.13 206.23 2.38115 1.37066 -5.17007
151.38 183.44 2.23772 1.49384 -5.42362
91.45 173.58 2.82399 5.56694 -7.65793
211.05 153.85 2.3377 0.461086 -5.30043
246.83 151.38 2.4274 0.0135052 -5.13606
-218.63 106.63 -3.39988 10.6352 -9.18867
275.15 100.58 2.35438 -0.500919 -5.31414
75.27 87.36 0.98993 0.468656 -5.43761
182.85 74.16 2.02649 0.55928 -6.13094
182.85 74.16 2.02649 0.55928 -6.13094
-94.14 71.93 -0.39997 0.0690103 -4.68484
-94.14 71.93 -0.39997 0.0690103 -4.68484
177.98 70.22 1.99131 0.609372 -6.19782
-249.55 70.09 -3.96457 8.7688 -8.79095
171.69 68.98 1.91143 0.577637 -6.15414
-34.79 51.79 -0.0231254 0.489758 -5.37039
-34.79 51.79 -0.0231254 0.489758 -5.37039
-166.09 46.68 -1.0089 0.242209 -4.76157
-233.82 37.61 -3.7524 7.76911 -9.0874
-90.93 34.94 -0.479761 -0.129526 -4.87269
-97 29.63 -0.535615 -0.127399 -4.89937
-274.68 24.29 -4.67838 7.90582 -9.08976
-83.16 19.95 -0.472191 -0.149503 -5.01541
240.73 16.88 2.03885 -0.474707 -6.08197
-204.48 10.07 -3.45046 7.46253 -9.78023
-117.58 9.65 -0.741613 -0.159162 -4.97644
255.3 8.47 2.07582 -0.646193 -6.05807
10.64 5.08 0.185389 0.128681 -5.75032
10.64 5.08 0.185389 0.128681 -5.75032
-96.85 1.24 -0.620077 -0.225906 -5.07399
-125.99 -0.05 -0.827997 -0.193581 -5.00559
254.37 -3.57 2.0201 -0.723307 -6.10515
-240.63 -6.87 -4.00229 6.63333 -9.26894
-240.63 -6.87 -4.00229 6.63333 -9.26894
-81.47 -7.51 -0.538681 -0.290886 -5.15643
147.74 -11.45 1.27986 -0.171305 -6.28211
-114.22 -11.89 -0.777935 -0.26417 -5.09851
-84.48 -12.57 -0.575421 -0.302323 -5.18192
-84.48 -12.57 -0.575421 -0.302323 -5.18192
-109.18 -13.98 -0.749492 -0.281099 -5.12186
-155.8 -16.4 -1.093 -0.178399 -5.05458
267.39 -17.25 2.041 -0.887385 -6.13592
143.64 -22.3 1.25278 -0.112881 -6.45967
164.47 -23.5 1.36652 -0.311148 -6.36062
266.11 -24.29 2.00654 -0.921551 -6.16882
-123.92 -31.95 -0.909153 -0.316652 -5.20154
177.99 -73.66 1.5116 -0.111638 -7.36235
137.85 -97.67 1.17675 0.330962 -8.0565
-168.43 -107.68 -3.3377 4.84352 -10.7726
-168.43 -107.68 -3.3377 4.84352 -10.7726
151.01 -119.86 1.17606 -0.00980175 -8.06239
109.95 -141.74 0.771425 0.474807 -8.84833
113.68 -141.86 0.804069 0.423556 -8.80603
-121.73 -187.29 -2.86812 3.11793 -11.3177
82.33 -187.97 0.288769 0.685043 -9.90184
-111.44 -230.61 -3.09694 2.83326 -12.2299
169.13 198.12 2.3398 1.25239 -5.18678
223.02 193.03 2.48395 0.470531 -4.96749
225.42 188.59 2.48163 0.431429 -4.99301
226.95 185.17 2.47434 0.395951 -5.0079
236.79 168.75 2.4526 0.207924 -5.07292
56.5 128.86 1.11261 1.3408 -5.52426
268.54 118.15 2.38624 -0.362022 -5.23901
-193.81 111.56 -2.82706 10.749 -9.37687
-225.88 109.07 -3.54095 10.7242 -9.10195
280.74 94.21 2.35154 -0.584469 -5.32231
176.98 91.97 2.03809 0.676478 -5.99184
78.32 90.23 1.03501 0.510341 -5.45199
-237.21 85.59 -3.66469 9.17403 -8.77398
-240.54 82.84 -3.74555 9.10697 -8.76761
-100.06 81.57 -0.415817 0.0987483 -4.60409
-237.83 79.25 -3.71814 9.04576 -8.84374
-271.65 62.7 -4.5652 9.09217 -8.92495
-265.6 55.57 -4.46492 8.86903 -9.02195
-208.97 55.08 -3.49767 9.29268 -9.81675
138.18 55.02 1.19538 -0.452276 -5.26191
-30.22 53.96 0.0153474 0.465552 -5.34841
-238.98 50.96 -3.6335 7.53449 -8.61701
-162.04 44.42 -0.983399 0.221262 -4.78214
63.91 44.06 0.726111 0.128545 -5.56767
-238.85 30.36 -3.85244 7.54088 -9.06128
-238.85 30.36 -3.85244 7.54088 -9.06128
-86.47 27.25 -0.473638 -0.136046 -4.94955
41.07 26.8 0.505245 0.177638 -5.69341
-86.13 23.03 -0.483669 -0.144916 -4.98112
-264.49 21.99 -4.37625 7.48461 -8.97871
-81.72 15.9 -0.475849 -0.156986 -5.05048
-259.66 15.25 -4.30835 7.31017 -9.05985
-259.66 15.25 -4.30977 7.3136 -9.06266
31.27 1.87 0.342963 0.0836728 -5.83471
-81.63 -0.35 -0.518451 -0.269354 -5.10856
163.99 -3.04 1.43764 -0.187244 -6.24251
8.82 -4.05 0.142986 0.0978926 -5.81337
-228.68 -5.73 -3.81431 6.70585 -9.3989
163.02 -8.68 1.3952 -0.251256 -6.23952
163.61 -15.7 1.38066 -0.277544 -6.29917
-99.74 -20.37 -0.698829 -0.312693 -5.18984
151.68 -20.15 1.28494 -0.219616 -6.35971
-265.81 -25.31 -4.63964 6.65418 -9.45951
-250.51 -30.78 -4.39446 6.47921 -9.60315
-106.78 -33.11 -0.7917 -0.348744 -5.24929
175.39 -79.11 1.46862 -0.135842 -7.39846
141.24 -104.38 1.17199 0.228769 -8.06041
125.81 -129.32 0.953388 0.299511 -8.48553
127.54 -134.68 0.955758 0.275055 -8.56473
127.54 -134.68 0.953845 0.272924 -8.55963
129.84 -139.77 0.945507 0.182428 -8.54243
131.29 -144.57 0.937207 0.1231 -8.55578
131.29 -144.57 0.937207 0.1231 -8.55578
-23.6 -158.29 -0.92628 1.66963 -9.69953
-142.68 -190.67 -3.25492 3.20988 -11.303
130.53 -197.67 0.711975 -0.203083 -9.07808
-97.08 -200.07 -2.48854 2.64963 -11.2897
-78.24 -220.61 -2.50911 2.91475 -12.4426
155.67 185.89 2.26616 1.44199 -5.38001
164.86 177.88 2.27039 1.25308 -5.39161
232.78 175.35 2.45475 0.27163 -5.03937
23.45 146.29 2.1111 8.63545 -9.47116
260.66 131.82 2.40519 -0.22191 -5.19297
248.95 127.87 2.36599 -0.108422 -5.27741
265.7 112.94 2.36242 -0.360234 -5.28022
265.7 112.94 2.36242 -0.360234 -5.28022
276.37 105.89 2.37574 -0.486017 -5.28076
-222.26 104.78 -3.4856 10.5873 -9.17442
280.69 100.15 2.36495 -0.561253 -5.28628
-258.31 90.66 -4.02818 9.24565 -8.50253
-258.31 90.66 -4.02818 9.24565 -8.50253
-232.85 82.77 -3.58128 9.0403 -8.80782
-264.1 72.51 -4.19887 8.74326 -8.59325
-182.8 67.71 -1.12224 0.631202 -4.75531
190.01 50.63 1.96155 0.300065 -6.21518
127.08 42.23 1.07572 -0.493144 -5.30385
-66.75 27.64 -0.339071 -0.111438 -5.03357
-239.19 21.65 -3.91037 7.3968 -9.15955
-265.35 14.28 -4.38973 7.23804 -8.98684
-85.74 3.39 -0.535967 -0.24358 -5.08082
231.32 -3.51 1.9569 -0.45204 -6.30174
-96.18 -11.89 -0.651814 -0.283657 -5.14885
-6.85 -16.66 -0.0244562 0.0329886 -5.82282
-6.85 -16.66 -0.0244562 0.0329886 -5.82282
-123.31 -25.88 -0.881188 -0.323737 -5.14282
-261.82 -28.94 -4.56301 6.50934 -9.47324
44.89 -29.11 0.338867 -0.224263 -5.94371
-113.78 -29.6 -0.828884 -0.338735 -5.19911
183.49 -75.05 1.52008 -0.234646 -7.25918
183.49 -75.05 1.52008 -0.234646 -7.25918
102.71 -117.67 0.809405 0.746977 -8.7084
151.34 -127.91 1.15187 -0.0602028 -8.1356
10.36 -131.62 -0.328663 1.49532 -9.20899
261.98 -194.23 1.97259 -0.95449 -8.80547
133.57 -206.35 0.702334 -0.30038 -9.11754
197.62 -226.23 1.39823 -0.477124 -9.87911
-127.53 -228.73 -3.32049 2.85666 -12.0272
254.8 130.83 2.38371 -0.169913 -5.22189
259.4 123.09 2.38069 -0.24093 -5.25702
-213.62 102.97 -3.31114 10.5166 -9.27055
-141.49 98.65 -0.684629 0.515717 -4.56945
-265.24 63.67 -4.46813 9.20879 -9.02201
-265.24 63.67 -4.46813 9.20879 -9.02201
-74.15 59.2 -0.297455 -0.0156096 -4.80268
-264.89 44.94 -4.41985 8.38469 -8.9976
-259.25 31.65 -4.23974 7.68739 -8.93443
-233.53 23.66 -3.80219 7.43406 -9.18977
-5.32 17.7 0.0937746 0.216161 -5.62421
-213.79 6.46 -3.63754 7.39573 -9.729
-258.25 1.59 -4.34962 7.04771 -9.20341
-258.25 1.59 -4.34962 7.04771 -9.20341
-102.91 -8.75 -0.691205 -0.273196 -5.10369
48.77 -23.68 0.383905 -0.233078 -5.89311
-262.07 -56.9 -5.65782 8.17666 -11.3629
-256.62 -63.2 -5.77714 8.46097 -11.8192
193.05 -86.04 1.53455 -0.409046 -7.25028
202.56 -97.9 1.55539 -0.534093 -7.31433
169.56 -138.22 1.33969 -0.045482 -8.48436
-143.1 -180.71 -3.21904 3.38463 -11.2579
53.62 -214.12 -0.199454 0.158774 -9.35594
-251.37 100.75 -3.88693 9.64652 -8.53679
-220.05 97.34 -3.45283 10.2517 -9.2086
-129.35 96.73 -0.594497 0.420387 -4.57285
-251.58 86.53 -3.93296 9.18437 -8.62355
59.83 85.95 0.852074 0.460927 -5.38446
-243.89 81.76 -3.82662 9.16435 -8.78273
67.15 81.29 0.910932 0.478266 -5.47454
-270.27 80.15 -4.49563 9.62044 -8.81375
-7.66 74.27 0.274438 0.534468 -5.28882
-273.47 41.89 -4.63123 8.42803 -9.01095
-244.86 26.78 -3.99122 7.52278 -9.07407
-17.73 25.26 0.0183178 0.234996 -5.5101
-17.73 25.26 0.0183178 0.234996 -5.5101
-201.99 -89.17 -3.82772 5.30137 -10.4342
137.42 -90.64 1.19599 0.354037 -7.96713
-197.42 -113.08 -3.92526 5.01919 -10.7904
-128.65 -197.06 -3.04658 3.04776 -11.4114
-109.6 -197.48 -2.70476 2.83925 -11.346
214.31 117.92 2.25991 0.304237 -5.56784
-150.93 94.56 -0.763577 0.462983 -4.5417
-242.61 92.39 -3.76805 9.46951 -8.71808
241.53 -57.41 1.82526 -0.821554 -6.58587
205.54 -121.05 1.47512 -0.765636 -7.35036
6.59 -147.92 -0.448783 1.25667 -9.20024
174.03 -219.53 1.11635 -0.463427 -9.49717
213.74 193.44 2.45291 0.573034 -4.99543
255.4 154.74 2.46073 -0.0569693 -5.08244
187.47 88.84 2.10977 0.599194 -6.00991
-14.85 45.48 0.115747 0.324182 -5.39095
-38.92 23.18 -0.15417 0.296212 -5.49364
237.76 -90 1.71011 -0.952967 -6.81503
192.79 -107.99 1.4598 -0.51327 -7.43598
172.88 223.81 2.50353 1.47383 -5.06621
-276.37 1.89 -4.97189 7.8626 -9.548
23.21 -13.37 0.228147 -0.0465698 -5.84723
-257.8 -15.52 -4.39492 6.66105 -9.32193
-17.29 -132.41 -0.703348 1.91893 -9.52335
-59.04 -154.92 -1.60726 2.9805 -10.9584
120.85 -178.12 0.708359 0.044991 -9.0061
-237.7 -11.38 -3.99135 6.5977 -9.36759
157.84 -30.2 1.30534 -0.267981 -6.45575
198.23 174.24 2.33017 0.65769 -5.18006
-90.14 -0.4 -0.579616 -0.231519 -5.10837
4.84 -175.62 -0.616874 0.988989 -9.38438
184.78 -16.38 1.57903 -0.280451 -6.4156
148.21 -169.72 0.967945 -0.25372 -8.57826
-12.37 228.4 1.98351 9.35286 -7.70615
-12.37 228.4 1.98351 9.35286 -7.70615
13.26 224.26 2.55856 9.70458 -8.15778
183.43 192.19 2.37223 1.01323 -5.1679
148.55 184.58 2.23485 1.5501 -5.43426
-257.9 136.41 -3.82507 10.5341 -8.0836
260.83 122.34 2.38366 -0.254478 -5.25788
-245.57 100.09 -3.81914 9.79875 -8.67925
173.99 88.85 1.98754 0.635032 -5.98114
-205.91 83.88 -3.2391 9.89088 -9.48194
274.33 81.43 2.33355 -0.538538 -5.47409
-141.32 56.51 -0.767162 0.0435534 -4.63973
230.73 50.83 2.11348 -0.197441 -5.93053
-141.54 41.31 -0.81785 0.0105767 -4.74249
-68.45 34.8 -0.325876 -0.102231 -4.97229
114.04 28.85 0.956658 -0.495315 -5.38116
-74.07 22.07 -0.402066 -0.123568 -5.04976
251.69 21.51 2.1011 -0.548749 -5.99705
249.11 14.56 2.06902 -0.56258 -6.05114
82.57 5.39 0.67612 -0.477261 -5.5018
-9.34 3.09 0.0238971 0.206567 -5.75428
-269.02 -9.66 -4.5749 6.81039 -9.19414
-88.04 -11.72 -0.594465 -0.292915 -5.17028
-90.52 -13.17 -0.614717 -0.311167 -5.15917
175.51 -17.1 1.4821 -0.30183 -6.34906
-90.45 -18.06 -0.630998 -0.319092 -5.19682
-85.38 -21.6 -0.610675 -0.303701 -5.26088
146.98 -21.29 1.24333 -0.215965 -6.3501
-113.94 -24.37 -0.8097 -0.329911 -5.15927
-102.56 -24.43 -0.73194 -0.343049 -5.19046
1.75 -24.94 0.0140099 -0.0904814 -5.83593
175.98 -34.95 1.44888 -0.34696 -6.52335
248.13 -39.35 1.91046 -0.798261 -6.41358
-153.61 -50.06 -2.59507 5.15999 -9.86747
-152.59 -59.98 -2.65801 5.08673 -10.034
-263.04 -63.09 -5.7617 8.14589 -11.4956
-263.04 -63.09 -5.7617 8.14589 -11.4956
-28.27 -68.53 -0.544995 3.22207 -9.55508
-28.27 -68.53 -0.544995 3.22207 -9.55508
187.4 -72.31 1.56004 -0.244157 -7.23039
193.2 -81.34 1.56525 -0.35377 -7.25528
256.44 -82.95 1.80201 -1.11007 -6.59983
256.44 -82.95 1.80201 -1.11007 -6.59983
-169.29 -86.57 -3.16405 4.97146 -10.3834
-169.29 -86.57 -3.16405 4.97146 -10.3834
-111.5 -89.92 -2.22735 4.84203 -10.8978
-142.86 -95.78 -2.80093 4.85606 -10.7466
109.28 -104.22 0.923787 0.729649 -8.48499
149.26 -105.52 1.22595 0.108941 -7.97558
179.47 -108.79 1.39081 -0.339444 -7.60811
127.85 -125.75 0.989016 0.308568 -8.4487
113.74 -139.24 0.811908 0.430659 -8.76406
113.74 -139.24 0.811908 0.430659 -8.76406
-307.95 -229.78 -6.16948 3.38302 -10.851
-16.92 220.58 1.83782 9.32117 -7.8211
-16.92 220.58 1.83782 9.32117 -7.8211
156.6 172.02 2.22685 1.36534 -5.49331
214.46 148.55 2.33367 0.396491 -5.32193
-267.84 93.6 -4.42091 10.0865 -8.75373
-224.03 80.93 -3.68156 10.0526 -9.46025
-249.17 78.2 -3.91871 8.98074 -8.72806
-272.74 50.22 -4.61382 8.71275 -8.98841
-272.74 50.22 -4.61382 8.71275 -8.98841
-162.11 48.92 -0.969153 0.246182 -4.76016
241.75 35.45 2.0953 -0.40199 -5.94707
-66.81 32.66 -0.318648 -0.0994418 -5.00023
-274.68 24.29 -4.68294 7.92075 -9.09721
-103.47 16.94 -0.621286 -0.152851 -4.9675
-126.49 8.69 -0.805176 -0.156113 -4.95585
-238.4 3.52 -3.92195 6.84774 -9.20701
-147.18 -14.56 -1.01839 -0.208438 -5.04744
214.81 -59.89 1.72123 -0.530705 -6.84506
-102.15 -60.63 -1.8293 5.00433 -10.4398
183.02 -63.36 1.56864 -0.135959 -7.20904
98.2 -115.27 0.775358 0.829949 -8.73611
111.74 -132.39 0.824014 0.515674 -8.73652
-2.2 221.97 2.14886 9.30059 -7.90269
176.5 192.62 2.35391 1.12295 -5.20363
-232.91 143.82 -3.35399 11.0645 -8.3705
74.85 130.03 1.24276 1.14767 -5.46113
192.35 82.76 2.11287 0.513845 -6.03468
-93.91 42.25 -0.47699 -0.11003 -4.81507
-108.75 13.22 -0.666451 -0.163232 -4.97466
234.26 3.37 1.96846 -0.485225 -6.19545
-138.25 -5.18 -0.925355 -0.204758 -4.99908
96.53 -108.85 0.790798 0.896898 -8.69222
-7.77 226.75 2.05967 9.33114 -7.76612
-9.33 221.24 1.98604 9.24998 -7.8369
169.93 194.3 2.32776 1.2067 -5.21222
-261.87 136.02 -3.90098 10.4909 -8.03779
-257.45 131.65 -3.86606 10.4918 -8.17472
-257.45 131.65 -3.86606 10.4918 -8.17472
-268.5 120.62 -4.36837 11.0392 -8.55642
-262.95 116.9 -4.3311 11.0555 -8.70003
187.65 72.68 2.03984 0.479568 -6.10266
186.96 39.75 1.86232 0.176495 -6.21406
-139.09 35.61 -0.813753 -0.0198193 -4.77959
-15.78 15.15 0.00374871 0.235578 -5.62245
-246.11 -3.11 -4.10066 6.78864 -9.24105
-92.17 -25.66 -0.66461 -0.340426 -5.24332
164.22 -123.59 1.28071 -0.149499 -8.03236
-272.49 114.02 -4.48521 10.8552 -8.59027
-236.27 113.4 -3.53634 10.0062 -8.56457
193.5 46.43 1.93357 0.182575 -6.1686
-136.52 20.76 -0.83782 -0.0727248 -4.87926
244.63 12.51 2.04405 -0.532506 -6.08675
229.94 10.88 1.92665 -0.501239 -6.07096
-213.79 6.46 -3.63295 7.3814 -9.7188
-262.07 -56.9 -5.65302 8.16208 -11.3529
-256.62 -63.2 -5.78762 8.49335 -11.841
128.23 -69.3 1.22646 0.652108 -7.92558
196.65 -170.86 1.28719 -0.856528 -7.96018
170.59 203.44 2.36752 1.24521 -5.14645
271.41 135.24 2.44259 -0.326331 -5.12109
-223.95 71.59 -3.70044 9.67982 -9.48689
-272.42 56.36 -4.58079 8.86999 -8.94058
-253.15 -20.84 -4.36386 6.6055 -9.43996
-253.15 -20.84 -4.36386 6.6055 -9.43996
111.41 -25.6 0.821426 -0.584659 -5.83721
111.41 -25.6 0.821426 -0.584659 -5.83721
161.76 -137.11 1.19597 -0.246099 -8.10244
-234.39 136.6 -3.4111 10.8166 -8.41823
-234.39 136.6 -3.41602 10.8491 -8.43204
-27.61 19.86 -0.0702552 0.193887 -5.49462
-223.72 12.33 -3.85453 7.74265 -9.72781
-140.01 6.61 -0.905789 -0.134601 -4.94277
-245.82 -27.13 -4.25723 6.46375 -9.54467
-84.32 -26.98 -0.618292 -0.325617 -5.29707
-228.66 -40.39 -4.14447 6.5103 -10.0378
-248.99 143 -3.68085 11.0448 -8.23251
243.92 1.49 2.0322 -0.549773 -6.20059
265.08 -12.03 2.04772 -0.838309 -6.11788
-155.76 -106.06 -2.92713 4.24209 -10.2653
-257.95 139.96 -3.81659 10.6418 -8.04766
225.37 -6.47 1.89489 -0.455373 -6.30295
-101.83 -29.45 -0.745762 -0.365793 -5.21847
-108.73 -30.13 -0.792873 -0.374671 -5.19183
165.6 -66.41 1.46967 0.0966699 -7.44007
213.8 -70.34 1.69874 -0.544797 -6.96774
94.83 -101.61 0.80453 0.957359 -8.62299
142.83 -116.21 1.13783 0.132325 -8.14413
247.06 25.84 2.10562 -0.472398 -6.01008
-8.65 12.67 0.0530997 0.229258 -5.67191
-199.62 10.73 -3.34328 7.42722 -9.78459
-154.57 -19.72 -1.09 -0.216457 -5.05896
130.46 -67.59 1.24114 0.61571 -7.8644
-81.63 -0.35 -0.518381 -0.275091 -5.10375
-92.71 -2.87 -0.600772 -0.293244 -5.07172
187.14 83 2.08369 0.570921 -6.05515
-269.75 68.34 -4.52268 9.29935 -8.92151
-265.52 -24.77 -4.70195 6.79023 -9.54068
-168.98 -89.96 -3.19534 4.98977 -10.4844
166.91 -46.14 1.36129 -0.302087 -6.66973
256.82 156.24 2.43821 -0.113707 -5.02995
48.91 -9.19 0.436376 -0.100076 -5.86245
