3 501
292.58 -22.13 2.04595 -0.817291 -6.09404
292.58 -22.13 2.04595 -0.817291 -6.09404
285.7 -109.35 1.79261 -1.07447 -6.61068
285.7 -109.35 1.79205 -1.07488 -6.61063
255.88 67.83 2.23268 -0.100774 -5.63975
255.88 67.83 2.23264 -0.100045 -5.63964
263.84 119.53 2.36775 -0.0361296 -5.25008
263.84 119.53 2.36863 -0.0351148 -5.24902
286 109.44 2.39159 -0.244188 -5.27068
279.19 -100.29 1.80433 -0.97268 -6.59299
254.28 150.23 2.45042 0.199474 -5.05843
195.69 157.53 2.38691 1.05637 -5.10609
248.3 136.24 2.39128 0.208355 -5.15697
203.85 145.7 2.38046 0.937845 -5.18124
203.85 145.7 2.38046 0.937845 -5.18124
-164.34 -186.1 -2.46857 5.03536 -10.189
279.94 -90.55 1.83953 -0.939463 -6.53939
248.1 142.91 2.40898 0.230613 -5.10977
-52.78 -176.06 -0.644154 3.28532 -9.3891
142.61 -164.44 1.2164 0.463979 -7.93589
127.8 -207.54 0.998928 0.456231 -8.3946
196.28 -179.27 1.39093 -0.342466 -7.60967
163.59 173.7 2.33846 1.61366 -4.99299
-47.38 -109.01 -0.155751 7.49294 -10.8516
-47.38 -109.01 -0.155751 7.49294 -10.8516
269.17 120.51 2.38111 -0.0925037 -5.23467
-124.4 -182.75 -1.82353 4.99923 -10.3261
-119.71 -185.15 -1.76435 5.00049 -10.4006
-57.86 -178.01 -0.7193 3.30701 -9.41629
140.52 -155.13 1.23643 0.553793 -7.89044
138.5 -165.31 1.18809 0.505676 -7.96658
235.86 -125.71 1.65692 -0.596217 -6.99525
219.03 -138.67 1.58114 -0.440194 -7.18466
107.19 -207 0.866586 0.749879 -8.56518
208.12 -148.77 1.518 -0.363417 -7.32202
119.92 -218.28 0.917023 0.513334 -8.54934
116.29 -231.84 0.845636 0.480931 -8.67656
120.57 -231.91 0.875121 0.424356 -8.64015
164 -224.9 1.1276 -0.138295 -8.19206
162.74 159.86 2.3159 1.62171 -5.13061
-61.8 -64.13 -0.13397 9.4346 -10.7378
255.16 137.79 2.41136 0.135011 -5.13818
244.52 36.94 2.13537 -0.0517765 -5.88906
-125.87 -197.41 -1.92042 4.93158 -10.5536
36.82 -36.94 0.285318 -0.186688 -5.93563
-153.47 -228.83 -2.46885 4.37952 -10.643
123.27 -208.63 0.966286 0.512077 -8.44002
153.11 -197.63 1.1603 0.143965 -8.09504
124.57 -233.5 0.889673 0.354176 -8.61038
177.24 153.6 2.32862 1.34541 -5.16227
197.16 141.21 2.35525 1.00845 -5.23749
197.16 141.21 2.35864 1.01697 -5.23954
-67.6 -75.89 -0.343959 9.2175 -10.8816
227.46 108.42 2.30616 0.427433 -5.42081
-128.15 -191.26 -1.91908 4.96727 -10.4516
267.17 -65.39 1.8437 -0.776633 -6.41591
209.55 -158.12 1.49196 -0.426325 -7.36626
125.67 -213.93 0.954981 0.419521 -8.43276
166.02 149.81 2.30868 1.54608 -5.21894
207.88 153.64 2.40714 0.884862 -5.11232
243.78 178.93 2.5154 0.430028 -4.85761
238.33 156.38 2.4731 0.48368 -5.04535
-117.9 -196.73 -1.78427 4.91767 -10.5774
192.07 -149.52 1.46889 -0.140183 -7.45465
264.05 130.52 2.38916 -0.0180785 -5.17343
190.83 133.12 2.3058 1.05105 -5.31052
220.74 112.5 2.29849 0.524693 -5.40649
39.55 -4.93 0.396749 0.0218238 -5.794
281.11 -108.63 1.79696 -1.00559 -6.64097
-210.66 -29.63 -3.22938 10.4624 -9.33385
-247.38 -40.38 -3.82365 9.18846 -8.86839
-223.48 -52.59 -3.55704 9.80211 -9.5326
122.48 -225.31 0.910012 0.445838 -8.5874
264.78 -5.22 2.03885 -0.474707 -6.08197
298.5 -31.94 2.041 -0.887385 -6.13592
145.82 -182.91 1.17675 0.330962 -8.0565
182.98 149.61 2.3398 1.25239 -5.18678
-192.29 -21.83 -2.82706 10.749 -9.37687
306.23 95.42 2.35154 -0.584469 -5.32231
-241.49 -34.65 -3.66469 9.17403 -8.77398
-245.93 -36.79 -3.74555 9.10697 -8.76761
-243.74 -40.71 -3.71814 9.04576 -8.84374
-280.92 -54.12 -4.5652 9.09217 -8.92495
-253.88 -83.28 -3.85244 7.54088 -9.06128
-253.88 -83.28 -3.85244 7.54088 -9.06128
-278.9 -95.61 -4.30835 7.31017 -9.05985
179.01 -43.34 1.38066 -0.277544 -6.29917
-279.11 -144.27 -4.39446 6.47921 -9.60315
169.01 131.44 2.26616 1.44199 -5.38001
305.19 101.49 2.36495 -0.561253 -5.28628
-237.81 -37.52 -3.58128 9.0403 -8.80782
-255.86 -92.24 -3.91037 7.3968 -9.15955
-214.41 -27.1 -3.31114 10.5166 -9.27055
-274.94 -79.86 -4.23974 7.68739 -8.93443
-8.55 11.56 0.0937746 0.216161 -5.62421
-232.27 -113.31 -3.63754 7.39573 -9.729
-280.2 -109.46 -4.34962 7.04771 -9.20341
-280.2 -109.46 -4.34962 7.04771 -9.20341
-292.08 -196.65 -5.77714 8.46097 -11.8192
221.71 -157.72 1.55539 -0.534093 -7.31433
-253.1 -19.24 -3.88693 9.64652 -8.53679
-222.15 -30.47 -3.45283 10.2517 -9.2086
-276.46 -38.66 -4.49563 9.62044 -8.81375
268.66 -89.01 1.82526 -0.821554 -6.58587
201.93 44.98 2.10977 0.599194 -6.00991
211.97 -171.7 1.4598 -0.51327 -7.43598
-116.83 -156.21 -1.581 5.1526 -9.96962
222.38 -138.23 1.58918 -0.483621 -7.16227
127.1 -198.64 1.01755 0.502736 -8.32241
-122.66 -145.87 -1.62019 5.2232 -9.78439
-97.48 -143.12 -1.21853 5.24005 -9.88144
-106.58 -145.44 -1.3885 5.26665 -9.88253
-173.43 -208.62 -2.71823 4.9444 -10.5019
-47.11 -178.88 -0.581603 3.26691 -9.45095
123.55 -144.02 1.16987 0.83342 -7.91212
144.59 -160.75 1.23652 0.456044 -7.89545
111.04 -191.23 0.942959 0.779066 -8.40819
215.69 -140.79 1.56485 -0.413595 -7.21925
118.84 -208.48 0.938492 0.574646 -8.47448
118.84 -208.48 0.938492 0.574646 -8.47448
129.61 -203.31 1.02178 0.456336 -8.34835
119.93 -212.93 0.927 0.523942 -8.49584
196.24 -173.94 1.40401 -0.321309 -7.57618
137.78 -215.61 1.02801 0.272479 -8.36247
-104.75 -102.24 -1.24742 7.69322 -10.4315
271.49 141.57 2.42838 -0.0654526 -5.08253
-110.52 -141.94 -1.41629 5.24793 -9.79287
-137.98 -146.4 -1.86613 5.23232 -9.71809
-126.74 -145.68 -1.68789 5.22925 -9.76447
-132.28 -158.44 -1.83087 5.15346 -9.92287
-148.59 -162.54 -2.106 5.14417 -9.90447
212.37 -125.74 1.59689 -0.310389 -7.14546
249.82 154.4 2.45329 0.269605 -5.03228
-89.69 -137.52 -1.06007 5.25622 -9.83116
-148.52 -147.65 -2.03608 5.24601 -9.68938
-153.24 -151.19 -2.11926 5.21991 -9.71026
-139.89 -152.62 -1.92374 5.19471 -9.7977
-140.39 -165.02 -1.99132 5.124 -9.98382
-144.28 -208.5 -2.26259 4.89468 -10.6389
-144.28 -208.5 -2.26259 4.89468 -10.6389
-135 -206.9 -2.1081 4.88963 -10.6593
287.36 -31.14 2.00829 -0.8102 -6.16376
152.19 -181.22 1.20573 0.234455 -7.97545
-89.81 -103.45 -0.962871 7.6198 -10.5132
-43.52 -111.64 -0.104272 7.42585 -10.9034
-145.95 -142.11 -1.96607 5.26162 -9.60824
-145.95 -142.11 -1.96607 5.26162 -9.60824
-116.81 -142.17 -1.51656 5.28533 -9.78476
-113.49 -182.69 -1.65442 5.0156 -10.4032
191.11 -159.55 1.43213 -0.186229 -7.51791
-132 -141.52 -1.75044 5.26635 -9.68138
-73.04 -138.24 -0.793135 5.25614 -9.93889
-120.84 -149.69 -1.61354 5.19559 -9.85157
174.44 -196.54 1.2281 -0.210394 -7.85748
170.51 -208.41 1.21782 -0.122665 -8.04095
243.21 96.22 2.39521 0.362287 -5.53188
-134.21 -175.87 -1.94464 5.05918 -10.1795
153.17 174.61 2.32323 1.82699 -5.0105
168.05 177.95 2.38228 1.59214 -4.96025
-253 13.45 -3.82507 10.5341 -8.0836
127.5 43.44 0.956658 -0.495315 -5.38116
277.06 3.81 2.1011 -0.548749 -5.99705
-2.99 -29.76 0.0140099 -0.0904814 -5.83593
193.43 -69.35 1.44888 -0.34696 -6.52335
276.27 -64.97 1.91046 -0.798261 -6.41358
212.51 -140.37 1.56525 -0.35377 -7.25528
289.56 -110.08 1.80201 -1.11007 -6.59983
289.56 -110.08 1.80201 -1.11007 -6.59983
-271.21 -27.31 -4.42091 10.0865 -8.75373
-122.57 -188.06 -1.8293 5.00433 -10.4398
199.77 -122.83 1.56864 -0.135959 -7.20904
-227.02 15.06 -3.35399 11.0645 -8.3705
97.23 -210.03 0.790798 0.896898 -8.69222
184.37 146.06 2.32776 1.2067 -5.21222
-257.24 13.92 -3.90098 10.4909 -8.03779
-253.73 8.8 -3.86606 10.4918 -8.17472
-253.73 8.8 -3.86606 10.4918 -8.17472
-263.64 -8.61 -4.3311 11.0555 -8.70003
203.77 29.6 2.03984 0.479568 -6.10266
-19.53 9.74 0.00374871 0.235578 -5.62245
-268.03 -114.48 -4.10066 6.78864 -9.24105
-272.1 -9.5 -4.48521 10.8552 -8.59027
-235.5 -9.88 -3.53634 10.0062 -8.56457
210.55 8.72 1.93357 0.182575 -6.1686
254.21 -9.15 1.92665 -0.501239 -6.07096
-292.08 -196.65 -5.78762 8.49335 -11.841
185.3 154.73 2.36752 1.24521 -5.14645
293.9 131.28 2.44259 -0.326331 -5.12109
-230.66 -54.49 -3.70044 9.67982 -9.48689
175.32 -222.55 1.19597 -0.246099 -8.10244
-229.41 9.2 -3.4111 10.8166 -8.41823
-241.54 -107.72 -3.85453 7.74265 -9.72781
-272.82 -139.56 -4.25723 6.46375 -9.54467
-256.68 -158.13 -4.14447 6.5103 -10.0378
295.06 -26.72 2.04772 -0.838309 -6.11788
-219.3 -29.06 -3.42988 10.5112 -9.28888
-39.68 -105.68 0.0120662 7.57782 -10.8857
300.42 105.15 2.34707 -0.537875 -5.25898
-206.17 -38.39 -3.17251 10.2803 -9.49929
-46.17 -103.4 -0.10607 7.68444 -10.8461
-43.52 -111.64 -0.106787 7.40772 -10.893
248.88 101.78 2.30696 0.100658 -5.41061
-144.78 -163.57 -2.04931 5.12945 -9.93703
-168.9 -168.96 -2.45877 5.14551 -9.91861
-141.63 -169.48 -2.02978 5.13214 -10.0651
-178.03 -174.1 -2.62321 5.1195 -9.94783
-171.03 -211.18 -2.69484 4.93682 -10.5671
-171.03 -211.18 -2.69484 4.93682 -10.5671
294.91 -27.08 2.03386 -0.857185 -6.11471
-128.56 -73.95 -1.63999 9.17891 -10.3896
-143 -136.38 -1.9103 5.34261 -9.57657
-122.66 -145.87 -1.61994 5.2259 -9.78688
254.45 22.96 2.10985 -0.229695 -5.95092
-54.06 -171.72 -0.6455 3.31069 -9.33522
116.85 -181.96 1.01109 0.744137 -8.28217
206.28 -141.7 1.53184 -0.305184 -7.29062
288.46 213.13 3.97974 1.87581 -4.93209
288.7 198.59 3.92433 1.80667 -5.07407
303.13 195.77 3.94732 1.59084 -5.09095
-98.48 55.38 -0.516503 -0.171064 -4.97985
-78.48 -140.79 -0.892175 5.26918 -9.96361
-133.5 18.88 -0.810694 -0.309484 -5.12372
-67.25 -67.63 -0.283814 9.45485 -10.8029
-70.03 -179.7 -0.887889 3.32804 -9.39554
200.58 -154.28 1.48563 -0.273797 -7.42565
105.03 -227.41 0.792446 0.687165 -8.76608
169.01 131.44 2.2615 1.43957 -5.37682
-133.33 -196.99 -2.02151 4.92829 -10.499
162.68 198.7 2.4024 1.716 -4.76563
187.18 176.56 2.43264 1.29809 -4.95028
-252.47 16.67 -3.81659 10.6418 -8.04766
248.71 -34.35 1.89489 -0.455373 -6.30295
-120.46 5.63 -0.745762 -0.365793 -5.21847
-128.26 6.94 -0.792873 -0.374671 -5.19183
179.38 -134.19 1.46967 0.0966699 -7.44007
237.1 -118.07 1.69874 -0.544797 -6.96774
95.29 -201.4 0.80453 0.957359 -8.62299
151.93 -203.12 1.13783 0.132325 -8.14413
271.95 5.95 2.10562 -0.472398 -6.01008
-11.91 5.29 0.0530997 0.229258 -5.67191
-216.26 -110.6 -3.34328 7.42722 -9.78459
-177.45 20.81 -1.09 -0.216457 -5.05896
137.95 -149.35 1.24114 0.61571 -7.8644
-92.84 34.31 -0.518381 -0.275091 -5.10375
-105.67 34.72 -0.600772 -0.293244 -5.07172
202.45 38.71 2.08369 0.570921 -6.05515
-277.71 -49.26 -4.52268 9.29935 -8.92151
-295.03 -136.69 -4.70195 6.79023 -9.54068
-201.52 -214.02 -3.19534 4.98977 -10.4844
182.04 -85.37 1.36129 -0.302087 -6.66973
275.62 147.2 2.43821 -0.113707 -5.02995
50.72 -18.3 0.436376 -0.100076 -5.86245
-274.46 -95.33 -4.26617 7.42898 -9.13748
-210.09 -67.7 -3.32071 9.3849 -9.79639
-206.03 -105.52 -3.16224 7.63249 -9.84312
-210.83 -32.86 -3.2276 10.2842 -9.34422
-218.22 -66.86 -3.47717 9.40612 -9.73588
-46.17 -103.4 -0.100464 7.66263 -10.8294
288.24 127.16 2.35507 -0.376756 -5.12554
121.25 111.46 1.49152 0.815452 -5.27407
72.44 110.65 1.11775 1.04693 -5.23631
285.65 105.52 2.34687 -0.34689 -5.2963
293.49 93.81 2.38027 -0.394153 -5.38546
296.45 94.53 2.33141 -0.496476 -5.34633
-92.97 107.59 -0.394214 -0.141492 -4.6465
220.08 73.27 2.18785 0.392752 -5.70244
-172.73 94.05 -0.937351 0.0278513 -4.63448
64.32 69.88 0.788641 0.375265 -5.36564
-94.44 75.36 -0.458888 -0.228591 -4.83659
-79.43 71.09 -0.372462 -0.261437 -4.88336
-83.25 66.68 -0.404758 -0.271627 -4.90324
-197.15 63.66 -1.15366 0.00286442 -4.79085
-12.55 49.74 0.128674 0.299494 -5.33766
188.54 33.26 1.90638 0.510019 -6.04135
-148.09 53.21 -0.838536 -0.289311 -4.87318
-43.54 35.07 -0.141865 0.221512 -5.36114
-77.74 40.66 -0.411534 -0.265659 -5.09141
275.47 8.43 2.13809 -0.475545 -5.99577
190.98 1.74 1.83507 0.364555 -6.27462
-37.73 12.56 -0.154532 0.0276881 -5.47608
178.16 -6.94 1.58554 0.116188 -6.19213
259 -7.96 2.00459 -0.443934 -6.10996
-147.76 17.37 -0.893269 -0.457281 -5.05801
-121.92 8.35 -0.749955 -0.468995 -5.15977
256.7 -16.74 1.98513 -0.438597 -6.18168
-138.48 5.76 -0.857315 -0.461764 -5.14948
-164.04 3.79 -1.02162 -0.408501 -5.13434
254.62 -22.69 1.958 -0.447411 -6.22241
-151.96 0.9 -0.948676 -0.470322 -5.15425
-151.96 0.9 -0.948676 -0.470322 -5.15425
-162.74 -8.29 -1.0327 -0.453413 -5.2013
182.5 -67.44 1.33962 -0.384025 -6.45396
202.08 -78.16 1.52279 -0.338026 -6.63744
193.83 -80.99 1.4767 -0.284188 -6.67471
191.19 -102.76 1.60551 0.0770552 -7.13422
241.16 -101.95 1.77566 -0.489757 -6.87084
271.34 -111 1.81681 -0.857259 -6.76167
271.34 -111 1.81681 -0.857259 -6.76167
171.42 -121.06 1.50939 0.334928 -7.45033
133.37 -149.35 1.21364 0.680683 -7.8977
290.46 -207.05 1.89087 -0.977455 -7.64426
108.25 -223.37 0.836986 0.702201 -8.74186
108.25 -223.37 0.836986 0.702201 -8.74186
309.29 163.23 3.66215 1.12263 -5.31895
244.3 158.05 2.32531 0.143871 -4.95419
258.46 143.91 2.33884 -0.0258277 -5.0466
-140.99 130.6 -0.664832 0.333493 -4.49541
-97.93 121.45 -0.395923 0.00872865 -4.57598
167.29 82.78 1.34706 -0.370579 -5.22054
-165.52 75.68 -0.913039 -0.178293 -4.72388
-95.72 70.93 -0.477636 -0.28362 -4.84959
16.21 55.19 0.381457 0.406051 -5.39192
-50.07 54.02 -0.130429 0.461784 -5.27515
-163.51 64.75 -0.919847 -0.184243 -4.79768
-139.45 63.79 -0.767495 -0.275172 -4.82319
-134.52 61.82 -0.740105 -0.27365 -4.84509
-86.83 51.71 -0.452684 -0.304837 -4.98711
-27.49 31.02 -0.0329088 0.181608 -5.41265
-93.96 26.28 -0.543531 -0.390239 -5.11795
-178.61 24.36 -1.07585 -0.362364 -4.98732
-13.58 9.42 0.0291715 0.126003 -5.5919
-121.38 18.95 -0.727645 -0.467128 -5.09122
-145.76 14.69 -0.887588 -0.449188 -5.08217
-141 13.93 -0.857986 -0.461823 -5.09108
286.25 -13.3 2.13162 -0.617465 -6.12442
188.22 -14.77 1.63184 0.0321732 -6.24508
-162.64 10.81 -0.998498 -0.46019 -5.07428
290.08 -26.15 2.05223 -0.774609 -6.14532
290.08 -26.15 2.05223 -0.774609 -6.14532
-173.69 -3.49 -1.09312 -0.431637 -5.15725
293.87 -31.72 2.04016 -0.836935 -6.16139
276.38 -55.19 1.93513 -0.762381 -6.35963
180.39 -85.36 1.35635 -0.277418 -6.68022
219.23 -132.42 1.60607 -0.405495 -7.1602
220.94 -142.74 1.62107 -0.396785 -7.27661
123.55 -144.02 1.18498 0.875766 -7.94502
210.94 -144.89 1.56714 -0.318119 -7.32919
196.24 -173.94 1.41678 -0.294618 -7.60144
96.56 -192.76 0.827127 0.939226 -8.5001
302.35 -208.41 1.98414 -0.998513 -7.68351
306.83 -209.41 2.03828 -0.982226 -7.72961
130.71 -208.87 1.00867 0.4003 -8.37272
303.58 -213.47 2.00333 -0.985654 -7.75639
297.39 -214.48 1.98611 -0.933383 -7.79808
305.49 -217.81 2.04706 -0.951139 -7.84878
305.49 -217.81 2.04706 -0.951139 -7.84878
116.29 -231.84 0.855655 0.519052 -8.71588
292.05 182.48 3.6928 1.43295 -5.16409
246.03 167.06 2.43835 0.288114 -4.92085
252.15 140.98 2.37918 0.127931 -5.10213
178.49 134.9 2.19543 1.09231 -5.27101
239 110.74 2.39412 0.388865 -5.41342
106.21 112.42 1.39857 0.938647 -5.26698
94.69 104.01 1.28301 0.942579 -5.31649
-166.31 121.82 -0.855483 0.323075 -4.50976
-100.55 119.31 -0.420464 -0.0514918 -4.57443
74.74 101.64 1.13192 1.07076 -5.3302
-154.35 119.05 -0.775587 0.154042 -4.52172
-72.39 110.28 -0.235703 0.0716349 -4.70951
-181.91 104.26 -0.982849 0.0848134 -4.56134
-90.89 96.52 -0.401504 -0.196812 -4.7108
157.05 83.51 1.23426 -0.446535 -5.16899
213.44 53.45 2.15292 0.471709 -5.89924
-178.34 71.43 -1.0116 -0.0713717 -4.7551
-146.28 70.07 -0.797167 -0.293266 -4.7656
-146.28 70.07 -0.797167 -0.293266 -4.7656
-119.04 61.28 -0.641385 -0.32882 -4.86004
132.44 37.17 1.00219 -0.463476 -5.44966
-107.93 46.61 -0.5983 -0.357301 -4.96825
205.89 11.14 1.94521 0.286022 -6.18802
209.2 9.18 1.93484 0.214191 -6.18
-153.98 30.43 -0.9126 -0.370117 -4.98897
-125.96 23.81 -0.749357 -0.40216 -5.07256
-97.5 21.1 -0.575127 -0.401448 -5.14257
-96.67 15.37 -0.580697 -0.420173 -5.17646
-186.02 19.71 -1.13382 -0.34911 -5.00934
-161.51 18.04 -0.977727 -0.436564 -5.03609
252.22 -36.6 1.88156 -0.519539 -6.29365
261.12 -39.91 1.99383 -0.471921 -6.37572
296.95 -39.34 2.05256 -0.855744 -6.2198
177.92 -92.38 1.46411 0.0112186 -6.93624
233.46 -109.88 1.73963 -0.424648 -6.97134
230.57 -113.68 1.68261 -0.474008 -6.96062
210.51 -120.67 1.67431 -0.133004 -7.2277
238.59 -121.67 1.77309 -0.442197 -7.08896
241.56 -136.57 1.66516 -0.661613 -7.06419
149.06 -172.77 1.23115 0.357221 -7.97292
149.58 -189.84 1.17736 0.260997 -8.09425
306.8 -202.16 2.03 -0.994238 -7.64005
103.56 -211.14 0.858585 0.889622 -8.73027
161.18 -215.64 1.12343 -0.097448 -8.11395
167.89 -219.44 1.19674 -0.0852708 -8.1957
242.89 161.31 2.39584 0.275635 -4.95931
255.07 157.59 2.42909 0.151468 -4.98061
262.51 141.88 2.38344 -0.00971213 -5.07594
-158.11 135.15 -0.779949 0.458325 -4.4528
-92.75 123.43 -0.343231 0.261743 -4.62006
159.51 96.02 1.34737 -0.25708 -5.14808
-95.3 100.01 -0.423933 -0.185074 -4.68304
-100.22 96.13 -0.462134 -0.201733 -4.69623
-95.06 94.12 -0.434418 -0.23711 -4.7102
-182.08 92.01 -1.00823 0.103088 -4.64721
124.47 74.81 1.06831 -0.233389 -5.24395
-173.42 80.06 -0.965026 -0.0369472 -4.71358
13.71 59.87 0.346793 0.279707 -5.30572
-134.58 66.48 -0.731171 -0.294604 -4.80879
-82.18 62.45 -0.4044 -0.258867 -4.93724
9.93 44.09 0.291173 0.290549 -5.42854
128.29 32.72 0.970771 -0.454372 -5.47769
-39.77 33.88 -0.0989174 0.336906 -5.41687
-57.69 33.64 -0.253074 0.145292 -5.31565
-46.35 30.62 -0.166568 0.225767 -5.39011
-7.17 17.88 0.0976054 0.168475 -5.55541
-145.18 27.63 -0.861563 -0.413101 -5.00979
-1.78 0.47 0.100291 0.108341 -5.68311
59.76 -13.61 0.49036 -0.183702 -5.80459
-101.63 -8.06 -0.650595 -0.415436 -5.32793
59.65 -27.83 0.435151 -0.320152 -5.85096
231.42 -171.52 1.53595 -0.700615 -7.33669
231.42 -171.52 1.53595 -0.700615 -7.33669
104.02 -218.76 0.814974 0.758473 -8.71384
238.86 173.65 2.44864 0.409545 -4.88261
276.18 129.13 2.34752 -0.238446 -5.13176
281.65 124.02 2.36623 -0.279132 -5.16848
294 121.19 2.39483 -0.391343 -5.17638
287.2 118.13 2.34397 -0.377738 -5.19102
99.85 112.62 1.33802 0.938873 -5.25146
295.19 110.92 2.36657 -0.440024 -5.23984
-166.61 97.63 -0.888858 0.00245246 -4.61588
-166.61 97.63 -0.888858 0.00245246 -4.61588
196.73 30.8 2.01367 0.561652 -6.10962
175.04 2.98 1.54145 0.0594395 -6.06537
-19.53 9.74 -0.0109464 0.145118 -5.58319
-4.3 5.12 0.0985297 0.141014 -5.65174
181.16 -18.42 1.52477 -0.0566975 -6.20968
-126.29 1.52 -0.789291 -0.478579 -5.19394
-126.29 1.52 -0.789291 -0.478579 -5.19394
256.23 -40.87 1.89704 -0.552488 -6.31995
46.88 -37.17 0.344412 -0.252577 -5.92904
207.88 153.64 2.33492 0.755913 -5.07569
247.63 147.1 2.30359 0.0685769 -5.02694
255.38 128.06 2.3228 0.00630111 -5.17667
274.98 120.11 2.37221 -0.180921 -5.21883
-106.84 133.36 -0.426601 0.118122 -4.4986
72.37 118.29 1.07168 0.880165 -5.12636
286 109.44 2.89004 0.44137 -5.55763
-159.81 123 -0.805021 0.204388 -4.4934
299.08 96.37 2.32259 -0.543906 -5.31821
299.08 96.37 2.32259 -0.543906 -5.31821
-152.74 93.75 -0.799974 -0.170189 -4.62966
-129.45 78.82 -0.679833 -0.278184 -4.7422
-164.25 72.23 -0.913411 -0.173206 -4.75047
-152.22 71 -0.833461 -0.257177 -4.75819
-134.45 59.48 -0.743271 -0.303776 -4.85254
-119.47 54.63 -0.656831 -0.36722 -4.89252
-18.64 43.36 0.0662051 0.27777 -5.36856
-46.1 39.81 -0.146227 0.228326 -5.31916
211.61 23.43 2.04762 0.353162 -6.1209
-8.55 11.56 0.0725653 0.133276 -5.58859
212.43 -6.58 1.79037 -0.0935082 -6.17003
52.46 -31.41 0.407659 -0.18695 -5.92959
177.83 -38.54 1.37401 -0.275089 -6.25529
269.87 -74.82 1.89405 -0.727726 -6.53568
126.43 -122.95 1.28151 0.971781 -7.77186
126.43 -122.95 1.28151 0.971781 -7.77186
253.93 167.62 2.45631 0.20071 -4.91007
-149.7 124.23 -0.738818 0.287614 -4.5177
214.45 91.59 2.25189 0.571855 -5.58874
214.45 91.59 2.25189 0.571855 -5.58874
164.45 73.14 1.28191 -0.443111 -5.25963
-40.86 23.89 -0.148102 0.165054 -5.43438
-50.13 16.94 -0.239832 0.0156175 -5.41287
171.15 -8.42 1.47775 0.0158895 -6.13338
247.9 -22.03 1.94099 -0.373826 -6.24314
235.98 -106.54 1.72565 -0.492627 -6.89531
123.03 -137.28 1.2201 0.967807 -7.93033
123.03 -137.28 1.2201 0.967807 -7.93033
136.05 -153.25 1.24263 0.689841 -7.96143
171.62 148.83 2.34496 1.50602 -5.22729
80.92 127.58 1.18363 0.948357 -5.08157
87.73 112.5 1.24469 0.995785 -5.2409
258.25 106.36 2.31713 -0.0267107 -5.34744
-170.19 124.41 -0.879344 0.279247 -4.47907
243.21 96.22 2.54518 0.596437 -5.63076
-176.46 99.62 -0.956837 0.0977395 -4.60466
-170.11 84.25 -0.936786 -0.0474576 -4.68963
250.5 -101.4 1.84968 -0.508226 -6.88163
228.73 -181.11 1.52318 -0.671048 -7.45097
228.73 -181.11 1.52318 -0.671048 -7.45097
275.47 143.57 2.41107 -0.144029 -5.04812
230.95 89.22 2.24245 0.287967 -5.54702
168.97 50.95 1.50764 0.0148198 -5.62163
196.68 -139.96 1.48165 -0.224448 -7.30607
111.85 122.77 1.47231 0.965915 -5.19571
254.67 -81.95 1.82334 -0.629133 -6.6242
254.67 -81.95 1.82334 -0.629133 -6.6242
220.9 -121.58 1.64241 -0.380355 -7.07835
-57.73 49.52 -0.255105 -0.100885 -5.12074
-57.73 49.52 -0.255105 -0.100885 -5.12074
119.63 60.13 0.962563 -0.365481 -5.2961
238.09 -164.39 1.42909 -0.995737 -7.02336

