2 492
270.62 -42.11 2.06655 -0.807071 -6.06083
199.16 177.97 2.22349 1.48966 -5.49261
243.28 -108.05 1.79205 -1.07488 -6.61063
263.56 54.29 2.23268 -0.100774 -5.63975
265.9 -33.39 2.06259 -0.711148 -6.06644
-68.8 -66.02 -1.66605 2.93981 -10.6978
-69.5 -59.11 -1.63712 2.98581 -10.577
300.17 55.98 2.35564 -0.434183 -5.31075
300.17 55.98 2.35619 -0.433357 -5.31049
295.52 66.04 2.36478 -0.328275 -5.30534
238.04 119.17 2.27495 0.599296 -5.5149
263.56 54.29 2.23264 -0.100045 -5.63964
270.62 -42.11 2.06723 -0.807023 -6.06091
305.24 -59 2.15281 -1.18341 -5.79577
274.35 78.8 2.32064 -0.0553817 -5.41357
280.67 120.35 2.41568 0.133325 -5.13501
282.06 96 2.36863 -0.0351148 -5.24902
293.85 78.04 2.39159 -0.244188 -5.27068
294.96 -10.21 2.22253 -0.78962 -5.68707
239.62 -96.1 1.80433 -0.97268 -6.59299
278.96 106.22 2.37915 0.0668909 -5.21851
283.22 111.52 2.40809 0.0534508 -5.16296
283.22 111.52 2.40809 0.0534508 -5.16296
287.31 79.95 2.3566 -0.178903 -5.29155
287.31 79.95 2.3566 -0.178903 -5.29155
-3.57 -134.56 -0.682759 0.872364 -9.73441
280.73 156.36 2.48669 0.35858 -4.9463
279.1 164.89 2.51422 0.452787 -4.93332
235.56 185.42 2.38691 1.05637 -5.10609
274.5 124.46 2.39128 0.208355 -5.15697
238.23 174.94 2.38046 0.937845 -5.18124
238.23 174.94 2.38046 0.937845 -5.18124
-161.11 -97.25 -3.556 3.13052 -11.2896
-146.5 -89.11 -3.26925 3.24627 -11.3115
-135.68 -87.87 -3.07245 3.24224 -11.3408
-144.43 -94.7 -3.24387 3.13389 -11.3367
-144.43 -94.7 -3.24387 3.13389 -11.3367
-8.15 -76.36 -0.584735 1.78748 -9.64694
-43.37 90.79 -0.239755 0.248982 -4.7421
219.33 93 2.16314 0.642086 -5.85204
-80.57 -47.15 -1.76631 3.13176 -10.3448
-92.8 -87.58 -2.20626 2.85672 -11.0672
305.24 -59 2.15416 -1.18234 -5.79725
278.96 106.22 2.38083 0.0646976 -5.2205
-56.45 233.21 -0.406962 10.9364 -10.0702
-59.86 220.79 -0.550842 10.5551 -10.1495
-77.7 216.28 -0.977528 10.4408 -10.0774
-56.75 202.67 -0.550526 9.83282 -10.1943
-30 196.1 0.00553981 9.88626 -10.5605
-58.39 77.2 -0.370248 0.0538843 -4.66158
-64.63 72.67 -0.421668 0.0209523 -4.65683
-46.81 128.34 -0.672973 7.68898 -10.6213
-48.29 124.37 -0.722888 7.61768 -10.6589
-30.69 125.42 -0.35201 7.61441 -10.7354
-79.45 20.99 -0.635579 -0.179647 -4.96888
167.97 -67.53 1.46496 -0.0155874 -7.44921
243.68 -89.55 1.83953 -0.939463 -6.53939
245.84 -110.54 1.79521 -1.11695 -6.59241
-91.78 -100.78 -2.25976 2.72099 -11.2822
-94.2 221.98 -1.32557 10.5868 -9.91109
-98.46 219.26 -1.43312 10.4961 -9.89556
200.61 205.97 2.26891 1.61274 -5.25355
-44.78 216.26 -0.222569 10.4815 -10.3196
161.62 227.8 2.99874 4.93827 -7.31616
161.62 227.8 2.99874 4.93827 -7.31616
206.51 194.53 2.29464 1.5009 -5.32563
-46.91 201.8 -0.344267 10.0118 -10.3887
-36.37 193.67 -0.140165 9.77244 -10.5166
140.28 203.48 2.73706 5.2151 -7.88943
140.28 203.48 2.73706 5.2151 -7.88943
137.16 199.45 2.71791 5.32085 -8.04493
276.06 148.29 2.45272 0.34749 -5.01892
239.36 123.31 2.27269 0.592724 -5.45937
-33.69 128.17 -0.4051 7.74856 -10.7609
-12.02 118.68 0.00839952 7.43543 -10.8969
-95.64 20.79 -0.763378 -0.139066 -4.97745
259.75 -18.32 2.07303 -0.554853 -6.05747
115.07 -77.43 1.00219 0.548698 -8.36617
107.98 -84 0.913 0.572354 -8.52479
107.98 -84 0.913 0.572354 -8.52479
116.89 -84.87 0.998928 0.456231 -8.3946
113.13 -94.95 0.930575 0.404358 -8.522
-92.64 -98.13 -2.25783 2.74024 -11.2213
114.92 -118.53 0.889375 0.164229 -8.68378
112.06 -125.17 0.840507 0.135662 -8.78063
112.06 -125.17 0.835919 0.127382 -8.76145
208.46 230.12 2.33846 1.61366 -4.99299
-109.09 222 -1.67098 10.6367 -9.83439
-78.02 220.61 -0.957289 10.4923 -10.0008
-71.5 220.16 -0.817094 10.5529 -10.0878
-65.48 220.19 -0.680037 10.5755 -10.1401
117.94 225.07 2.63654 6.18242 -8.07844
143.06 218 2.81674 5.30434 -7.69482
225.02 190.75 2.35399 1.20447 -5.17298
-34.27 190.23 -0.11824 9.77412 -10.6212
242.9 134.52 2.31942 0.635683 -5.3767
-20.03 120.12 -0.155751 7.49294 -10.8516
-20.03 120.12 -0.155751 7.49294 -10.8516
286.62 92.57 2.38111 -0.0925037 -5.23467
258.17 0.51 2.10366 -0.414643 -5.97545
264 -40.75 2.04364 -0.74463 -6.1219
184.85 -65.22 1.57827 -0.188491 -7.18351
130.64 -59.43 1.18809 0.505676 -7.96658
137.21 -70.43 1.21898 0.324238 -7.93983
193.18 -85.92 1.58114 -0.440194 -7.18466
100.73 -74.81 0.866586 0.749879 -8.56518
98.61 -75.42 0.837694 0.794623 -8.64396
109.64 -88.65 0.917023 0.513334 -8.54934
109.64 -88.65 0.916617 0.511893 -8.54661
108.73 -103.65 0.866425 0.388903 -8.69054
110.21 -117.23 0.844422 0.234008 -8.75743
108.32 -153.69 0.720804 -0.101654 -9.06139
205.78 218.32 2.3159 1.62171 -5.13061
-58.58 219.45 -0.526758 10.5952 -10.2161
-79.99 206.34 -1.06734 10.0909 -10.1068
-32.05 177.67 -0.13397 9.4346 -10.7378
-37.99 174.16 -0.289828 9.44502 -10.8015
256.17 149.69 2.38586 0.599095 -5.18277
-53.27 153.1 -0.751841 9.14919 -11.0725
284.43 126.97 2.43782 0.135491 -5.06981
286.8 117.69 2.42616 0.0520527 -5.09734
-97.25 18.36 -0.779284 -0.16733 -4.9719
24.43 9.39 0.136913 0.106644 -5.75897
233.77 -25.03 1.89194 -0.458347 -6.21607
173.86 -85.19 1.46592 -0.224986 -7.49833
113.18 -83.69 0.966286 0.512077 -8.44002
136.8 -91.16 1.1603 0.143965 -8.09504
110.59 -102.55 0.889673 0.354176 -8.61038
12.9 -98.7 -0.326619 1.08098 -9.2105
120.84 -123.52 0.932507 0.0442296 -8.59356
-113.78 -112.63 -2.72161 2.67752 -11.4653
-84.69 -126.55 -2.46267 2.89448 -12.5474
216.55 199.34 2.32862 1.34541 -5.16227
-74.56 200.46 -0.982315 10.0281 -10.2485
-36.75 198.55 -0.129807 9.94499 -10.4969
232.01 173.8 2.35864 1.01697 -5.23954
-38.29 165.09 -0.343959 9.2175 -10.8816
293.97 94.12 2.40814 -0.150941 -5.16798
-103.74 -0.63 -0.864377 -0.255086 -5.06824
54.98 25.51 0.4289 0.136957 -5.67467
174.53 -91.94 1.44499 -0.304924 -7.4835
183.29 -95.33 1.49196 -0.426325 -7.36626
141.02 -108.15 1.15307 -0.0560654 -8.14434
-97.4 -100.79 -2.35476 2.72324 -11.2634
207.7 206.18 2.30868 1.54608 -5.21894
-37.52 211.34 -0.0748515 10.3517 -10.4123
244.11 177.57 2.40714 0.884862 -5.11232
270.45 157.1 2.4731 0.48368 -5.04535
291.16 87.18 2.3879 -0.164444 -5.22865
171.69 -77.51 1.46889 -0.140183 -7.45465
160.25 -157.1 1.18009 -0.715883 -8.10349
-103.11 -84.46 -2.36389 2.9072 -10.9725
-109.11 -93.53 -2.52766 2.85921 -11.1413
-85.91 215.92 -1.16543 10.4398 -10.0368
-85.91 215.92 -1.16543 10.4398 -10.0368
226.88 165.78 2.3058 1.05105 -5.31052
248.84 93.41 2.2525 0.288205 -5.55533
-95.23 26.26 -0.746888 -0.123898 -4.92668
-92.29 1.22 -0.777206 -0.260221 -5.06764
138.28 -89.87 1.17655 0.141891 -8.05203
245.65 123.22 2.29849 0.524693 -5.40649
-91.44 12.35 -0.74029 -0.221595 -4.98847
-91.44 12.35 -0.740875 -0.222456 -4.98843
55.74 5.46 0.396749 0.0218238 -5.794
239.79 -101.76 1.79696 -1.00559 -6.64097
266.15 181.27 2.48997 0.677636 -4.91666
209.76 226.63 2.35153 1.61289 -5.03972
209.76 226.63 2.35153 1.61289 -5.03972
208.28 215.29 2.32275 1.5648 -5.13081
208.28 215.29 2.32275 1.5648 -5.13081
229.13 178.5 2.35479 1.09095 -5.23148
271.42 159.78 2.46612 0.477459 -5.00099
270.31 152.96 2.44951 0.45033 -5.04951
235.48 163.41 2.35411 0.92283 -5.27966
141.5 228.84 2.85672 5.50226 -7.62807
199.28 172.03 2.19817 1.40472 -5.50408
273.63 138.94 2.42827 0.321613 -5.09305
284.28 122.3 2.43153 0.112129 -5.09921
293.49 108.61 2.43203 -0.061201 -5.09601
293.49 108.61 2.43203 -0.061201 -5.09601
286.53 106.08 2.40559 -0.0130554 -5.16112
282.19 106.04 2.39045 0.0288142 -5.1957
79.01 215.86 2.21059 7.58514 -9.09064
70.9 216.59 2.12188 7.98299 -9.31232
70.9 216.59 2.12188 7.98299 -9.31232
285.82 99.12 2.39209 -0.0424076 -5.20909
67.86 215.27 2.06806 8.05016 -9.37471
301.07 58.86 2.36409 -0.42572 -5.287
299.05 52.53 2.34793 -0.440366 -5.34049
-179.56 219.31 -3.22938 10.4624 -9.33385
300.36 47.71 2.34466 -0.480246 -5.35547
-213.7 205.37 -3.74526 9.24502 -8.73745
-138.23 106.95 -0.960713 0.527314 -4.58487
163.83 54.4 1.27729 -0.256163 -5.15579
-214.78 197.82 -3.82365 9.18846 -8.86839
-232.97 197.97 -4.07138 8.85177 -8.55425
-190.86 192.47 -3.55704 9.80211 -9.5326
-78.13 76.56 -0.510605 0.042558 -4.60652
200.16 64.03 1.95234 0.598153 -6.16243
-65 68.79 -0.434775 0.0199524 -4.69584
-197.71 181.77 -3.70404 9.44028 -9.52897
-60.16 38.82 -0.454734 -0.128191 -4.87489
223.53 15.74 1.98444 0.0340199 -6.25751
-61.22 34.96 -0.471826 -0.139787 -4.90175
-225.47 140.52 -4.05966 7.57888 -9.08976
-55.99 28.02 -0.449752 -0.140329 -4.99325
-26.93 34.29 -0.245937 0.198174 -5.37741
-69.4 21.84 -0.560961 -0.178207 -4.98435
-73.18 20.53 -0.591475 -0.18068 -4.98635
9.7 23.81 0.0372334 0.208929 -5.63585
-89.96 21.55 -0.715956 -0.156317 -4.95675
-120.91 24.12 -0.949417 -0.0929474 -4.91395
-72.92 16.9 -0.597954 -0.191513 -5.01623
-63.76 4.42 -0.550351 -0.275819 -5.0886
-99.6 7.36 -0.815225 -0.218874 -5.02195
243.05 -29.07 1.97893 -0.475733 -6.29047
19.18 5.15 0.0811668 0.0925395 -5.77854
19.18 5.15 0.0799297 0.0938215 -5.77914
-123.61 4.38 -1.00857 -0.193712 -5.01866
-88.06 -1.43 -0.74658 -0.271763 -5.09466
161.66 -19.73 1.3419 -0.0649234 -6.4457
-208.93 89.75 -3.81479 6.37764 -9.4712
-102.26 -21.31 -0.910491 -0.317756 -5.23709
-247.38 61.63 -5.66971 8.13237 -11.4732
243.68 -89.55 1.83601 -0.944117 -6.53045
190.53 -68.06 1.6083 -0.267788 -7.12599
166.66 -63.35 1.46743 0.0477573 -7.46329
233.93 -99.46 1.76475 -0.935573 -6.68989
167.28 -74.68 1.44118 -0.0609507 -7.51454
-301.25 18.23 -5.66813 5.21734 -9.6082
113.13 -94.95 0.931194 0.395548 -8.50878
99.99 -91.27 0.809129 0.615286 -8.73535
110.46 -94.94 0.910012 0.445838 -8.5874
142.5 -112.2 1.15165 -0.131006 -8.10526
142.5 -112.2 1.15165 -0.131006 -8.10526
102.11 -109.9 0.779876 0.402422 -8.83885
105.59 -115.55 0.79914 0.28911 -8.79279
114.92 -118.53 0.889677 0.168696 -8.69209
106.99 -123.48 0.793133 0.219094 -8.87525
-133.24 -73.89 -3.00706 3.51326 -11.3088
-157.74 -76.46 -3.45261 3.52082 -11.2236
-92.64 -98.13 -2.26007 2.74717 -11.2305
108.32 -153.69 0.721542 -0.0969281 -9.07257
110.72 -165.6 0.710238 -0.261822 -9.06927
-135.75 -107.61 -3.11427 2.86971 -11.4157
-250.43 -93.12 -6.18836 4.79504 -12.8499
44.3 -173.57 -0.130038 0.0211811 -9.49309
213.18 223.87 2.35037 1.52504 -5.01367
217.1 208.9 2.36168 1.42967 -5.12316
220.91 201.74 2.38115 1.37066 -5.17007
200.59 184.73 2.23772 1.49384 -5.42362
138.47 229 2.82399 5.56694 -7.65793
253.92 128.98 2.3377 0.461086 -5.30043
288.38 111.01 2.4274 0.0135052 -5.13606
-188.93 226.82 -3.39988 10.6352 -9.18867
303.33 49.54 2.35438 -0.500919 -5.31414
105.8 84.39 0.98993 0.468656 -5.43761
209.23 65.09 2.02649 0.55928 -6.13094
209.23 65.09 2.02649 0.55928 -6.13094
-61.72 75.31 -0.39997 0.0690103 -4.68484
-61.72 75.31 -0.39997 0.0690103 -4.68484
203.36 63.3 1.99131 0.609372 -6.19782
-223.63 187.9 -3.96457 8.7688 -8.79095
196.84 62.26 1.91143 0.577637 -6.15414
-6.76 64.94 -0.0231254 0.489758 -5.37039
-6.76 64.94 -0.0231254 0.489758 -5.37039
-136.27 65.71 -1.0089 0.242209 -4.76157
-210.7 150.2 -3.7524 7.76911 -9.0874
-63.41 38.12 -0.479761 -0.129526 -4.87269
-69.26 34.43 -0.535615 -0.127399 -4.89937
-252.93 142.96 -4.67838 7.90582 -9.08976
-57.86 24.7 -0.472191 -0.149503 -5.01541
252.26 -14.15 2.03885 -0.474707 -6.08197
-184.32 119.06 -3.45046 7.46253 -9.78023
-92.46 18.93 -0.741613 -0.159162 -4.97644
264.2 -26.75 2.07582 -0.646193 -6.05807
29.25 12.82 0.185389 0.128681 -5.75032
29.25 12.82 0.185389 0.128681 -5.75032
-73.35 8.37 -0.620077 -0.225906 -5.07399
-101.91 10.73 -0.827997 -0.193581 -5.00559
260.89 -38.45 2.0201 -0.723307 -6.10515
-221.63 103.64 -4.00229 6.63333 -9.26894
-221.63 103.64 -4.00229 6.63333 -9.26894
-60.17 -1.95 -0.538681 -0.290886 -5.15643
158.27 -20 1.27986 -0.171305 -6.28211
-91.58 -1.88 -0.777935 -0.26417 -5.09851
-63.85 -6.08 -0.575421 -0.302323 -5.18192
-63.85 -6.08 -0.575421 -0.302323 -5.18192
-87.22 -4.5 -0.749492 -0.281099 -5.12186
-132.76 0.62 -1.093 -0.178399 -5.05458
269.92 -55.38 2.041 -0.887385 -6.13592
154.17 -26.69 1.25278 -0.112881 -6.45967
171.64 -34.64 1.36652 -0.311148 -6.36062
267.33 -61.59 2.00654 -0.921551 -6.16882
-103.84 -18.6 -0.909153 -0.316652 -5.20154
175.62 -69.72 1.5116 -0.111638 -7.36235
133.97 -76.02 1.17675 0.330962 -8.0565
-161.69 -5.85 -3.3377 4.84352 -10.7726
-161.69 -5.85 -3.3377 4.84352 -10.7726
141.75 -100.86 1.17606 -0.00980175 -8.06239
100.22 -105.55 0.771425 0.474807 -8.84833
103.44 -106.82 0.804069 0.423556 -8.80603
-124.6 -90.41 -2.86812 3.11793 -11.3177
66.86 -135.88 0.288769 0.685043 -9.90184
-120.89 -129.33 -3.09694 2.83326 -12.2299
221.56 192.54 2.3398 1.25239 -5.18678
274.44 162.8 2.48395 0.470531 -4.96749
275.61 157.54 2.48163 0.431429 -4.99301
276.3 153.38 2.47434 0.395951 -5.0079
282.23 132.7 2.4526 0.207924 -5.07292
95.09 142.12 1.11261 1.3408 -5.52426
301.31 69.2 2.38624 -0.362022 -5.23901
-162.34 228.84 -2.82706 10.749 -9.37687
-195.88 230.48 -3.54095 10.7242 -9.10195
307.31 41.23 2.35154 -0.584469 -5.32231
207.13 83.52 2.03809 0.676478 -5.99184
109.79 87.62 1.03501 0.510341 -5.45199
-209.68 203.01 -3.66469 9.17403 -8.77398
-213.45 200.55 -3.74555 9.10697 -8.76761
-67.03 84.82 -0.415817 0.0987483 -4.60409
-210.87 196.29 -3.71814 9.04576 -8.84374
-246.96 184.4 -4.5652 9.09217 -8.92495
-240.93 176 -4.46492 8.86903 -9.02195
-184.29 170.07 -3.49767 9.29268 -9.81675
161.44 25.02 1.19538 -0.452276 -5.26191
-3.02 65.69 0.0153474 0.465552 -5.34841
-215.12 162.68 -3.6335 7.53449 -8.61701
-132.02 62.89 -0.983399 0.221262 -4.78214
87.26 40.1 0.726111 0.128545 -5.56767
-216.46 142.95 -3.85244 7.54088 -9.06128
-216.46 142.95 -3.85244 7.54088 -9.06128
-60.3 31.29 -0.473638 -0.136046 -4.94955
62.94 29.23 0.505245 0.177638 -5.69341
-60.43 27.57 -0.483669 -0.144916 -4.98112
-242.98 137.78 -4.37625 7.48461 -8.97871
-57.35 21.06 -0.475849 -0.156986 -5.05048
-238.61 130.03 -4.30835 7.31017 -9.05985
-238.61 130.03 -4.30977 7.3136 -9.06266
48.61 7.25 0.342963 0.0836728 -5.83471
-59.39 4.43 -0.518451 -0.269354 -5.10856
175.41 -14.73 1.43764 -0.187244 -6.24251
26.32 4.78 0.142986 0.0978926 -5.81337
-209.67 103.72 -3.81431 6.70585 -9.3989
173.11 -21.24 1.3952 -0.251256 -6.23952
172.4 -27.71 1.38066 -0.277544 -6.29917
-77.77 -11.22 -0.698829 -0.312693 -5.18984
159.62 -28.9 1.28494 -0.219616 -6.35971
-247.83 89.57 -4.63964 6.65418 -9.45951
-234.12 81.08 -4.39446 6.47921 -9.60315
-87.53 -21.89 -0.7917 -0.348744 -5.24929
172.17 -74.3 1.46862 -0.135842 -7.39846
135.57 -83.47 1.17199 0.228769 -8.06041
117.14 -100.35 0.953388 0.299511 -8.48553
117.71 -105 0.955758 0.275055 -8.56473
117.71 -105 0.953845 0.272924 -8.55963
119.03 -110.9 0.945507 0.182428 -8.54243
119.52 -115.67 0.937207 0.1231 -8.55578
119.52 -115.67 0.937207 0.1231 -8.55578
-28.61 -89.87 -0.92628 1.66963 -9.69953
-145.75 -90.42 -3.25492 3.20988 -11.303
109.75 -161.62 0.711975 -0.203083 -9.07808
-103.78 -107.24 -2.48854 2.64963 -11.2897
-88.66 -124.07 -2.50911 2.91475 -12.4426
205.93 185.94 2.26616 1.44199 -5.38001
212.86 173.4 2.27039 1.25308 -5.39161
279.86 140.68 2.45475 0.27163 -5.03937
63.96 227.16 2.1111 8.63545 -9.47116
296.99 85.85 2.40519 -0.22191 -5.19297
284.83 87.11 2.36599 -0.108422 -5.27741
297.65 65.19 2.36242 -0.360234 -5.28022
297.65 65.19 2.36242 -0.360234 -5.28022
305.89 54.28 2.37574 -0.486017 -5.28076
-192.66 225.29 -3.4856 10.5873 -9.17442
308.99 46.53 2.36495 -0.561253 -5.28628
-230.59 211.06 -4.02818 9.24565 -8.50253
-230.59 211.06 -4.02818 9.24565 -8.50253
-205.51 199.15 -3.58128 9.0403 -8.80782
-238.24 191.92 -4.19887 8.74326 -8.59325
-151.22 95.78 -1.12224 0.631202 -4.75531
211.99 38.65 1.96155 0.300065 -6.21518
147.99 14.26 1.07572 -0.493144 -5.30385
-41.89 30.72 -0.339071 -0.111438 -5.03357
-217.6 133.97 -3.91037 7.3968 -9.15955
-244.25 129.43 -4.38973 7.23804 -8.98684
-62.62 8.59 -0.535967 -0.24358 -5.08082
239.7 -28.28 1.9569 -0.45204 -6.30174
-74.02 -3.94 -0.651814 -0.283657 -5.14885
9.56 -5.74 -0.0244562 0.0329886 -5.82282
9.56 -5.74 -0.0244562 0.0329886 -5.82282
-102.45 -14.14 -0.881188 -0.323737 -5.14282
-244.66 84.98 -4.56301 6.50934 -9.47324
56.8 -27.01 0.338867 -0.224263 -5.94371
-94.01 -18.3 -0.828884 -0.338735 -5.19911
180.48 -74.13 1.52008 -0.234646 -7.25918
180.48 -74.13 1.52008 -0.234646 -7.25918
97.16 -81.61 0.809405 0.746977 -8.7084
141.02 -108.15 1.15187 -0.0602028 -8.1356
7.74 -73.66 -0.328663 1.49532 -9.20899
230.67 -184.74 1.97259 -0.95449 -8.80547
111.08 -170.09 0.702334 -0.30038 -9.11754
167.89 -192.85 1.39823 -0.477124 -9.87911
-135.39 -125.92 -3.32049 2.85666 -12.0272
291.16 87.18 2.38371 -0.169913 -5.22189
293.85 78.04 2.38069 -0.24093 -5.25702
-184.15 222.04 -3.31114 10.5166 -9.27055
-105.5 115.66 -0.684629 0.515717 -4.56945
-239.95 185.24 -4.46813 9.20879 -9.02201
-239.95 185.24 -4.46813 9.20879 -9.02201
-44.29 60.27 -0.297455 -0.0156096 -4.80268
-241.18 163.77 -4.41985 8.38469 -8.9976
-236.86 147.57 -4.23974 7.68739 -8.93443
-211.73 135.39 -3.80219 7.43406 -9.18977
16.4 26.57 0.0937746 0.216161 -5.62421
-193.89 116.6 -3.63754 7.39573 -9.729
-238.43 115.59 -4.34962 7.04771 -9.20341
-238.43 115.59 -4.34962 7.04771 -9.20341
-80.89 -0.64 -0.691205 -0.273196 -5.10369
61.59 -23.31 0.383905 -0.233078 -5.89311
-248.65 66.29 -5.65782 8.17666 -11.3629
-244.66 60.47 -5.77714 8.46097 -11.8192
187.4 -87.54 1.53455 -0.409046 -7.25028
194.05 -101.22 1.55539 -0.534093 -7.31433
155.25 -117.25 1.33969 -0.045482 -8.48436
-144.97 -80.79 -3.21904 3.38463 -11.2579
35.76 -161.14 -0.199454 0.158774 -9.35594
-222.69 221.74 -3.88693 9.64652 -8.53679
-191.17 216.5 -3.45283 10.2517 -9.2086
-93.61 110.17 -0.594497 0.420387 -4.57285
-224.29 205.91 -3.93296 9.18437 -8.62355
90.66 84.44 0.852074 0.460927 -5.38446
-216.61 200.78 -3.82662 9.16435 -8.78273
97.42 80.22 0.910932 0.478266 -5.47454
-243.97 203.31 -4.49563 9.62044 -8.81375
24.72 82.72 0.274438 0.534468 -5.28882
-250.51 161.93 -4.63123 8.42803 -9.01095
-222.68 140.2 -3.99122 7.52278 -9.07407
4.37 34.6 0.0183178 0.234996 -5.5101
4.37 34.6 0.0183178 0.234996 -5.5101
-191.91 16.99 -3.82772 5.30137 -10.4342
134.63 -69.99 1.19599 0.354037 -7.96713
-189.92 -6.32 -3.92526 5.01919 -10.7904
-132 -98.29 -3.04658 3.04776 -11.4114
-115 -102.29 -2.70476 2.83925 -11.346
248.84 93.41 2.25991 0.304237 -5.56784
-116.19 111.44 -0.763577 0.462983 -4.5417
-214.36 211.69 -3.76805 9.46951 -8.71808
237.39 -82.27 1.82526 -0.821554 -6.58587
192.94 -123.86 1.47512 -0.765636 -7.35036
1.88 -89.4 -0.448783 1.25667 -9.20024
147.33 -185.96 1.11635 -0.463427 -9.49717
265.75 166.81 2.45291 0.573034 -4.99543
296.58 110.96 2.46073 -0.0569693 -5.08244
218.49 78.29 2.10977 0.599194 -6.00991
12.67 53.6 0.115747 0.324182 -5.39095
-16.03 36.39 -0.15417 0.296212 -5.49364
227.14 -109.02 1.71011 -0.952967 -6.81503
182.31 -106.79 1.4598 -0.51327 -7.43598
229.34 219.62 2.50353 1.47383 -5.06621
-256.62 121.77 -4.97189 7.8626 -9.548
39.88 -7.76 0.228147 -0.0465698 -5.84723
-239.27 97.76 -4.39492 6.66105 -9.32193
-18.39 -66.54 -0.703348 1.91893 -9.52335
-62.43 -71.16 -1.60726 2.9805 -10.9584
104.49 -141.7 0.708359 0.044991 -9.0061
-219.09 98.96 -3.99135 6.5977 -9.36759
162.85 -38.17 1.30534 -0.267981 -6.45575
245.89 153.29 2.33017 0.65769 -5.18006
-67.3 6.33 -0.579616 -0.231519 -5.10837
-5.47 -114.89 -0.616874 0.988989 -9.38438
193.29 -30.51 1.57903 -0.280451 -6.4156
130.02 -143.3 0.967945 -0.25372 -8.57826
-302.79 -103.94 -6.16948 3.38302 -10.851
-211.5 230.23 -3.64953 9.90895 -8.55787
-209.46 162.2 -3.69717 8.02348 -8.99152
-233.32 143.56 -4.19629 7.63531 -9.01031
-29.89 98.81 -0.458557 6.97534 -10.9118
-189.47 220.02 -3.42988 10.5112 -9.28888
206.51 199.73 2.30451 1.53454 -5.28838
206.51 199.73 2.30451 1.53454 -5.28838
-183.44 174.01 -3.46553 9.39265 -9.79106
-12.84 123.32 0.0120662 7.57782 -10.8857
307.55 50.05 2.34707 -0.537875 -5.25898
-175.05 209.78 -3.17251 10.2803 -9.49929
-19.13 126.51 -0.10607 7.68444 -10.8461
-17.09 116.69 -0.106787 7.40772 -10.893
-230.56 139.79 -4.13368 7.51001 -9.02702
-234.58 131.48 -4.26617 7.42898 -9.13748
-177.24 175.21 -3.32071 9.3849 -9.79639
-169.88 125.58 -3.16224 7.63249 -9.84312
-179.24 214.86 -3.2276 10.2842 -9.34422
-184.38 176.19 -3.47717 9.40612 -9.73588
-19.13 126.51 -0.100464 7.66263 -10.8294
